time,V(n003)
0.000000000000000e+000,7.966760e-006
1.000005936537514e-006,7.990479e-006
1.001508865970219e-006,1.241875e-005
1.003011795402924e-006,2.634664e-005
1.004514724835628e-006,4.977415e-005
1.006017654268333e-006,8.270127e-005
1.007520583701038e-006,1.251280e-004
1.009023513133743e-006,1.770544e-004
1.010526442566447e-006,2.384803e-004
1.014571124001403e-006,5.019185e-004
1.019226628143348e-006,1.001389e-003
1.024383627704901e-006,1.869689e-003
1.032360881871040e-006,3.932336e-003
1.043383394160084e-006,8.143079e-003
1.056867729612272e-006,1.541159e-002
1.074075301547944e-006,2.767005e-002
1.096183585747702e-006,4.696279e-002
1.125083015460986e-006,7.549313e-002
1.191339561596977e-006,1.443864e-001
1.226630687932266e-006,1.803990e-001
1.270692572519586e-006,2.245912e-001
2.000000000000000e-006,9.523340e-001
2.007924770174701e-006,9.600143e-001
2.018491130407636e-006,9.695654e-001
2.029871946850947e-006,9.786304e-001
2.043196007795455e-006,9.871994e-001
2.057676529739835e-006,9.940173e-001
2.072800345374175e-006,9.985883e-001
2.088958263507029e-006,1.001116e+000
2.108327370440532e-006,1.002178e+000
2.118775140732326e-006,1.002113e+000
2.128330753029852e-006,1.001730e+000
2.164885988663164e-006,9.997606e-001
2.177560071967891e-006,9.991748e-001
2.192297976115096e-006,9.986385e-001
2.208139626323052e-006,9.982346e-001
2.228287044037920e-006,9.979354e-001
2.254371227901168e-006,9.977635e-001
2.303214554227981e-006,9.977227e-001
2.352057880554794e-006,9.976617e-001
2.400901206881607e-006,9.975806e-001
2.449744533208420e-006,9.974792e-001
2.498587859535233e-006,9.973576e-001
2.547431185862046e-006,9.972159e-001
2.596274512188859e-006,9.970539e-001
2.590385140883374e-005,9.360273e-001
4.921142830547862e-005,8.768945e-001
7.251900520212351e-005,8.196553e-001
9.582658209876838e-005,7.643098e-001
1.191341589954133e-004,7.108580e-001
1.424417358920582e-004,6.592999e-001
1.657493127887030e-004,6.096355e-001
1.950461877887030e-004,5.498070e-001
2.327135985029888e-004,4.774365e-001
2.703810092172745e-004,4.093967e-001
3.080484199315603e-004,3.456877e-001
3.457158306458461e-004,2.863093e-001
3.833832413601318e-004,2.312618e-001
4.210506520744175e-004,1.805449e-001
4.587180627887032e-004,1.341588e-001
4.880149377887032e-004,1.004591e-001
5.075461877887032e-004,7.923998e-002
5.270774377887032e-004,5.899261e-002
5.466086877887032e-004,3.969453e-002
5.563743127887033e-004,3.039442e-002
5.661399377887033e-004,2.132314e-002
5.759055627887033e-004,1.247787e-002
5.856711877887033e-004,3.855755e-003
5.954368127887033e-004,-4.546039e-003
6.052024377887033e-004,-1.273036e-002
6.149680627887033e-004,-2.070004e-002
6.247336877887033e-004,-2.845794e-002
6.344993127887033e-004,-3.600689e-002
6.540305627887033e-004,-5.048930e-002
6.735618127887034e-004,-6.416989e-002
6.930930627887034e-004,-7.707125e-002
7.223899377887034e-004,-9.501129e-002
7.516868127887034e-004,-1.113237e-001
7.809836877887035e-004,-1.260828e-001
8.172560092172749e-004,-1.419932e-001
8.535283306458464e-004,-1.560949e-001
8.898006520744178e-004,-1.683878e-001
9.260729735029894e-004,-1.788719e-001
9.623452949315608e-004,-1.875472e-001
9.986176163601322e-004,-1.944138e-001
1.034889937788704e-003,-1.994715e-001
1.064186812788704e-003,-2.027911e-001
1.093483687788704e-003,-2.052644e-001
1.113014937788704e-003,-2.064712e-001
1.132546187788704e-003,-2.073431e-001
1.142311812788704e-003,-2.076585e-001
1.152077437788704e-003,-2.078961e-001
1.161843062788704e-003,-2.080578e-001
1.171608687788704e-003,-2.081456e-001
1.181374312788704e-003,-2.081612e-001
1.191139937788704e-003,-2.081067e-001
1.200905562788704e-003,-2.079836e-001
1.210671187788704e-003,-2.077940e-001
1.230202437788704e-003,-2.072218e-001
1.249733687788704e-003,-2.064042e-001
1.269264937788704e-003,-2.053546e-001
1.298561812788704e-003,-2.033739e-001
1.327858687788704e-003,-2.009436e-001
1.357155562788704e-003,-1.981047e-001
1.393427884217275e-003,-1.939328e-001
1.429700205645847e-003,-1.894173e-001
1.465972527074419e-003,-1.845581e-001
1.502244848502990e-003,-1.793553e-001
1.538517169931561e-003,-1.738089e-001
1.574789491360133e-003,-1.679188e-001
1.611061812788704e-003,-1.616851e-001
1.648729223502990e-003,-1.550921e-001
1.686396634217276e-003,-1.484723e-001
1.724064044931562e-003,-1.418256e-001
1.761731455645847e-003,-1.351521e-001
1.799398866360133e-003,-1.284517e-001
1.837066277074419e-003,-1.217245e-001
1.874733687788704e-003,-1.149704e-001
1.917981455645847e-003,-1.073608e-001
1.961229223502989e-003,-9.996149e-002
2.004476991360131e-003,-9.277238e-002
2.047724759217273e-003,-8.579351e-002
2.090972527074415e-003,-7.902487e-002
2.134220294931558e-003,-7.246647e-002
2.177468062788700e-003,-6.611831e-002
2.220715830645841e-003,-6.008518e-002
2.263963598502984e-003,-5.433823e-002
2.307211366360125e-003,-4.887746e-002
2.350459134217268e-003,-4.370288e-002
2.393706902074409e-003,-3.881447e-002
2.436954669931552e-003,-3.421225e-002
2.480202437788693e-003,-2.989620e-002
2.527635473502978e-003,-2.551422e-002
2.575068509217263e-003,-2.143854e-002
2.622501544931548e-003,-1.766918e-002
2.669934580645832e-003,-1.420613e-002
2.717367616360117e-003,-1.104938e-002
2.764800652074401e-003,-8.198947e-003
2.812233687788686e-003,-5.654822e-003
2.841530562788686e-003,-4.197873e-003
2.870827437788685e-003,-2.838027e-003
2.900124312788684e-003,-1.571990e-003
2.929421187788684e-003,-3.964377e-004
2.958718062788683e-003,6.919709e-004
2.988014937788682e-003,1.696581e-003
3.017311812788682e-003,2.620734e-003
3.054979223502967e-003,3.679260e-003
3.092646634217252e-003,4.634215e-003
3.130314044931537e-003,5.485600e-003
3.167981455645822e-003,6.233415e-003
3.205648866360106e-003,6.877659e-003
3.243316277074391e-003,7.418333e-003
3.280983687788676e-003,7.855436e-003
3.324231455645818e-003,8.256494e-003
3.367479223502960e-003,8.580081e-003
3.410726991360102e-003,8.826197e-003
3.453974759217244e-003,8.994842e-003
3.497222527074386e-003,9.086016e-003
3.540470294931528e-003,9.099719e-003
3.583718062788670e-003,9.035951e-003
3.632546187788669e-003,8.905043e-003
3.681374312788668e-003,8.735893e-003
3.730202437788667e-003,8.528502e-003
3.779030562788666e-003,8.282870e-003
3.827858687788665e-003,7.998996e-003
3.876686812788664e-003,7.676881e-003
3.925514937788662e-003,7.316524e-003
3.985503777074376e-003,6.857481e-003
4.045492616360088e-003,6.399141e-003
4.105481455645802e-003,5.941506e-003
4.165470294931514e-003,5.484574e-003
4.225459134217228e-003,5.028347e-003
4.285447973502941e-003,4.572824e-003
4.345436812788654e-003,4.118005e-003
4.423561812788652e-003,3.563902e-003
4.501686812788650e-003,3.049005e-003
4.579811812788649e-003,2.573314e-003
4.657936812788647e-003,2.136828e-003
4.736061812788645e-003,1.739548e-003
4.814186812788644e-003,1.381474e-003
4.892311812788642e-003,1.062605e-003
4.978807348502925e-003,7.658370e-004
5.065302884217210e-003,5.056496e-004
5.151798419931493e-003,2.820430e-004
5.238293955645778e-003,9.501740e-005
5.324789491360061e-003,-5.542733e-005
5.411285027074345e-003,-1.692912e-004
5.497780562788629e-003,-2.465741e-004
5.595436812788627e-003,-3.059231e-004
5.693093062788625e-003,-3.498725e-004
5.790749312788623e-003,-3.784221e-004
5.888405562788621e-003,-3.915720e-004
5.986061812788619e-003,-3.893223e-004
6.083718062788616e-003,-3.716728e-004
6.181374312788614e-003,-3.386236e-004
6.343204669931468e-003,-2.811282e-004
6.505035027074322e-003,-2.279487e-004
6.666865384217176e-003,-1.790850e-004
6.828695741360029e-003,-1.345372e-004
6.990526098502883e-003,-9.430526e-005
7.152356455645737e-003,-5.838921e-005
7.314186812788590e-003,-2.678902e-005
7.577858687788585e-003,-5.113830e-006
7.841530562788579e-003,1.129132e-005
8.105202437788573e-003,2.242645e-005
8.368874312788568e-003,2.829153e-005
8.632546187788562e-003,2.888659e-005
8.896218062788557e-003,2.421162e-005
9.159889937788551e-003,1.426661e-005
9.169655562788551e-003,1.414424e-005
9.999733687788533e-003,7.936155e-006
1.000000000000000e-002,7.935365e-006
