time,V(n003)
0.000000000000000e+000,7.966760e-006
1.666666666666670e-004,7.966762e-006
1.666695555661150e-004,2.916912e-005
1.666728727286191e-004,8.300926e-005
1.666762343088012e-004,1.914584e-004
1.666802485392453e-004,4.259660e-004
1.666846218310884e-004,8.438772e-004
1.666895209995531e-004,1.581406e-003
1.666967019895158e-004,3.246136e-003
1.667068296574354e-004,6.750178e-003
1.667196224067717e-004,1.307791e-002
1.667356694977484e-004,2.376883e-002
1.667566495203816e-004,4.122049e-002
1.667818260728661e-004,6.540737e-002
1.668149334192915e-004,9.952103e-002
1.668484065854544e-004,1.344495e-001
1.668821671857407e-004,1.691239e-001
1.669225911362039e-004,2.098292e-001
1.676666666666670e-004,9.523311e-001
1.676792491614952e-004,9.641526e-001
1.676960258212660e-004,9.781382e-001
1.677058572229143e-004,9.849800e-001
1.677180148470982e-004,9.913909e-001
1.677325668695380e-004,9.967375e-001
1.677491622080083e-004,1.000294e+000
1.677670149138801e-004,1.001980e+000
1.677803552737322e-004,1.002202e+000
1.677900724501067e-004,1.001941e+000
1.678121161715813e-004,1.000816e+000
1.678371102942340e-004,9.994943e-001
1.678505563877707e-004,9.989288e-001
1.678657081357995e-004,9.984496e-001
1.678831325122568e-004,9.980885e-001
1.679052015069958e-004,9.978534e-001
1.679386254305554e-004,9.977308e-001
1.680274005184677e-004,9.976777e-001
1.894167622059367e-004,9.415498e-001
2.108061238934058e-004,8.870258e-001
2.321954855808748e-004,8.341055e-001
2.535848472683439e-004,7.827891e-001
2.749742089558129e-004,7.330765e-001
2.963635706432820e-004,6.849678e-001
3.177529323307510e-004,6.384628e-001
3.343338123858774e-004,6.034653e-001
3.343438954645968e-004,6.034634e-001
3.343539785433162e-004,6.022509e-001
3.343640616220356e-004,5.998276e-001
3.343741447007550e-004,5.961937e-001
3.343842277794744e-004,5.913491e-001
3.343943108581938e-004,5.852938e-001
3.344043939369132e-004,5.780278e-001
3.344260720394317e-004,5.594133e-001
3.344615231739005e-004,5.245650e-001
3.345210957602510e-004,4.624367e-001
3.345998689475361e-004,3.825117e-001
3.347046495740787e-004,2.776943e-001
3.348094302006213e-004,1.728831e-001
3.349142108271638e-004,6.807800e-002
3.350189914537064e-004,-3.672090e-002
3.351237720802489e-004,-1.415137e-001
3.352285527067915e-004,-2.463002e-001
3.353333333333340e-004,-3.510807e-001
3.353450089235866e-004,-3.621484e-001
3.353605763772567e-004,-3.753838e-001
3.353706168706152e-004,-3.825949e-001
3.353829105180954e-004,-3.893813e-001
3.353974582415644e-004,-3.950444e-001
3.354136888721952e-004,-3.988232e-001
3.354310925260875e-004,-4.006866e-001
3.354461693661162e-004,-4.010577e-001
3.354557145391966e-004,-4.008479e-001
3.354641671342563e-004,-4.004150e-001
3.354726197293161e-004,-3.999899e-001
3.354810723243758e-004,-3.995725e-001
3.354895249194355e-004,-3.991630e-001
3.354979775144952e-004,-3.987612e-001
3.355064301095549e-004,-3.983673e-001
3.355148827046146e-004,-3.979811e-001
3.355467687850974e-004,-3.971738e-001
3.355682934027209e-004,-3.969637e-001
3.357201334239024e-004,-3.969536e-001
3.358719734450839e-004,-3.969241e-001
3.360238134662655e-004,-3.968753e-001
3.361756534874470e-004,-3.968072e-001
3.363274935086285e-004,-3.967198e-001
3.364793335298100e-004,-3.966130e-001
3.366311735509916e-004,-3.964869e-001
3.599695773294213e-004,-3.828162e-001
3.833079811078512e-004,-3.692914e-001
4.066463848862809e-004,-3.559123e-001
4.299847886647107e-004,-3.426790e-001
4.533231924431405e-004,-3.295915e-001
4.766615962215703e-004,-3.166497e-001
5.000000000000000e-004,-3.038537e-001
5.000029816121037e-004,-3.038632e-001
5.000059632242075e-004,-3.038070e-001
5.000089448363112e-004,-3.036851e-001
5.000119264484150e-004,-3.034974e-001
5.000149080605187e-004,-3.032441e-001
5.000178896726225e-004,-3.029250e-001
5.000208712847262e-004,-3.025402e-001
5.000294065087188e-004,-3.007352e-001
5.000387327537333e-004,-2.976664e-001
5.000516537735433e-004,-2.915009e-001
5.000665166359301e-004,-2.818910e-001
5.000875095634442e-004,-2.646591e-001
5.001169697964689e-004,-2.365620e-001
5.001419954386428e-004,-2.108340e-001
5.002042248995141e-004,-1.460959e-001
5.002422428612836e-004,-1.075901e-001
5.003504938811003e-004,5.341391e-004
5.004587449009168e-004,1.086476e-001
5.005669959207335e-004,2.167502e-001
5.006752469405502e-004,3.248421e-001
5.007834979603668e-004,4.329231e-001
5.008917489801834e-004,5.409933e-001
5.010000000000000e-004,6.490527e-001
5.010179245407894e-004,6.658052e-001
5.010294237307304e-004,6.750219e-001
5.010428433318747e-004,6.837298e-001
5.010573058880537e-004,6.906137e-001
5.010723675650637e-004,6.952325e-001
5.010884554700773e-004,6.978102e-001
5.011076664325304e-004,6.989201e-001
5.011276994451108e-004,6.985080e-001
5.011530974336353e-004,6.971446e-001
5.011784954221599e-004,6.960480e-001
5.012038934106845e-004,6.952182e-001
5.012292913992091e-004,6.946553e-001
5.012546893877337e-004,6.943592e-001
5.012800873762583e-004,6.943300e-001
5.013054853647828e-004,6.945676e-001
5.250713684079092e-004,6.451503e-001
5.488372514510355e-004,5.974549e-001
5.726031344941618e-004,5.514814e-001
5.963690175372882e-004,5.072298e-001
6.201349005804146e-004,4.647001e-001
6.439007836235408e-004,4.238923e-001
6.676666666666671e-004,3.848064e-001
6.676792553923244e-004,3.846078e-001
6.676918441179816e-004,3.825803e-001
6.677044328436388e-004,3.787240e-001
6.677170215692961e-004,3.730388e-001
6.677296102949534e-004,3.655247e-001
6.677421990206106e-004,3.561817e-001
6.677547877462679e-004,3.450099e-001
6.677846537853338e-004,3.164212e-001
6.678718797172783e-004,2.258739e-001
6.680459096019864e-004,5.136193e-002
6.682707749585385e-004,-1.735735e-001
6.686666666666670e-004,-5.692966e-001
6.686779464814681e-004,-5.800141e-001
6.686929862345362e-004,-5.928883e-001
6.687031254565898e-004,-6.002559e-001
6.687154847323291e-004,-6.071984e-001
6.687300264641081e-004,-6.129842e-001
6.687461043433633e-004,-6.168437e-001
6.687633221281195e-004,-6.187652e-001
6.687792887160841e-004,-6.191950e-001
6.688629322608710e-004,-6.156177e-001
6.689310003811829e-004,-6.149564e-001
6.924170479457758e-004,-5.903700e-001
7.159030955103687e-004,-5.661851e-001
7.393891430749616e-004,-5.424018e-001
7.628751906395545e-004,-5.190200e-001
7.863612382041473e-004,-4.960396e-001
8.098472857687402e-004,-4.734608e-001
8.333333333333331e-004,-4.512835e-001
8.333388718358601e-004,-4.513488e-001
8.333444103383873e-004,-4.510962e-001
8.333499488409143e-004,-4.505257e-001
8.333554873434414e-004,-4.496373e-001
8.333610258459684e-004,-4.484309e-001
8.333665643484956e-004,-4.469067e-001
8.333721028510226e-004,-4.450645e-001
8.333850363805612e-004,-4.388790e-001
8.333999119508990e-004,-4.292433e-001
8.334209309990710e-004,-4.119651e-001
8.334504538196191e-004,-3.837796e-001
8.334754389414239e-004,-3.580765e-001
8.335035569414069e-004,-3.285895e-001
8.335376533423976e-004,-2.933306e-001
8.335757237919880e-004,-2.547599e-001
8.336839537264659e-004,-1.466155e-001
8.337921836609436e-004,-3.848167e-002
8.339004135954215e-004,6.964151e-002
8.340086435298994e-004,1.777541e-001
8.341168734643773e-004,2.858560e-001
8.342251033988551e-004,3.939473e-001
8.343333333333330e-004,5.020279e-001
8.343512524636798e-004,5.187823e-001
8.343627518916920e-004,5.280036e-001
8.343761712937340e-004,5.367160e-001
8.343906328046967e-004,5.436039e-001
8.344056929714350e-004,5.482264e-001
8.344217799957528e-004,5.508081e-001
8.344409926267808e-004,5.519231e-001
8.344609974298345e-004,5.515178e-001
8.344863769914704e-004,5.501636e-001
8.345117565531064e-004,5.490763e-001
8.345371361147424e-004,5.482560e-001
8.345625156763784e-004,5.477026e-001
8.345878952380144e-004,5.474161e-001
8.346132747996504e-004,5.473966e-001
8.346386543612864e-004,5.476441e-001
8.584045608811026e-004,5.072902e-001
8.821704674009189e-004,4.683734e-001
9.059363739207352e-004,4.308938e-001
9.297022804405515e-004,3.948513e-001
9.534681869603677e-004,3.602459e-001
9.772340934801839e-004,3.270776e-001
1.001000000000000e-003,2.953464e-001
1.001012574624888e-003,2.951536e-001
1.001025149249776e-003,2.931351e-001
1.001037723874664e-003,2.892912e-001
1.001050298499552e-003,2.836216e-001
1.001062873124439e-003,2.761265e-001
1.001075447749327e-003,2.668058e-001
1.001088022374215e-003,2.556596e-001
1.001117821086181e-003,2.271558e-001
1.001205057052637e-003,1.366246e-001
1.001243418785221e-003,9.774736e-002
1.001469580797437e-003,-1.283157e-001
1.002000000000000e-003,-6.584635e-001
1.002011865970568e-003,-6.696868e-001
1.002027687264658e-003,-6.830763e-001
1.002037670283127e-003,-6.901941e-001
1.002049918256754e-003,-6.968843e-001
1.002064454427588e-003,-7.024669e-001
1.002080738566819e-003,-7.061846e-001
1.002098202233619e-003,-7.079969e-001
1.002122471733481e-003,-7.080989e-001
1.002150295035055e-003,-7.066465e-001
1.002178118336630e-003,-7.054872e-001
1.002205941638204e-003,-7.046210e-001
1.002233764939778e-003,-7.040480e-001
1.002261588241353e-003,-7.037681e-001
1.002289411542927e-003,-7.037813e-001
1.002317234844501e-003,-7.040877e-001
1.025795725104811e-003,-6.724811e-001
1.049274215365120e-003,-6.415465e-001
1.072752705625429e-003,-6.112840e-001
1.096231195885738e-003,-5.816936e-001
1.119709686146048e-003,-5.527752e-001
1.143188176406357e-003,-5.245288e-001
1.166666666666666e-003,-4.969545e-001
1.166674058439241e-003,-4.970506e-001
1.166681450211815e-003,-4.965224e-001
1.166688841984389e-003,-4.953697e-001
1.166696233756964e-003,-4.935926e-001
1.166703625529538e-003,-4.911911e-001
1.166711017302112e-003,-4.881652e-001
1.166718409074687e-003,-4.845149e-001
1.166733295011070e-003,-4.748609e-001
1.166754334943503e-003,-4.575494e-001
1.166783906923718e-003,-4.292987e-001
1.166808865280301e-003,-4.036130e-001
1.166836983451978e-003,-3.741189e-001
1.166871076017308e-003,-3.388583e-001
1.166909190763589e-003,-3.002363e-001
1.166964963030849e-003,-2.444441e-001
1.167065206407394e-003,-1.442869e-001
1.167165449783939e-003,-4.413298e-002
1.167265693160485e-003,5.601774e-002
1.167365936537030e-003,1.561652e-001
1.167466179913575e-003,2.563095e-001
1.167566423290121e-003,3.564505e-001
1.167666666666666e-003,4.565882e-001
1.167684582730206e-003,4.733439e-001
1.167696083227851e-003,4.825686e-001
1.167709503710067e-003,4.912845e-001
1.167723965529818e-003,4.981754e-001
1.167739026183097e-003,5.028006e-001
1.167755114531113e-003,5.053851e-001
1.167774332133505e-003,5.065035e-001
1.167794317953827e-003,5.061024e-001
1.167815859279806e-003,5.048919e-001
1.167837400605786e-003,5.039008e-001
1.167858941931765e-003,5.031292e-001
1.167880483257745e-003,5.025770e-001
1.167902024583724e-003,5.022443e-001
1.167923565909704e-003,5.021309e-001
1.167945107235683e-003,5.022371e-001
1.191714853821062e-003,4.671348e-001
1.215484600406441e-003,4.332329e-001
1.239254346991819e-003,4.005312e-001
1.263024093577197e-003,3.690298e-001
1.286793840162576e-003,3.387288e-001
1.310563586747955e-003,3.096280e-001
1.334333333333333e-003,2.817274e-001
1.334345899764003e-003,2.815377e-001
1.334358466194673e-003,2.795245e-001
1.334371032625343e-003,2.756877e-001
1.334383599056013e-003,2.700274e-001
1.334396165486683e-003,2.625436e-001
1.334408731917353e-003,2.532362e-001
1.334421298348023e-003,2.421053e-001
1.334451057427792e-003,2.136495e-001
1.334538595679925e-003,1.228259e-001
1.334576980379046e-003,8.393538e-002
1.334803799363100e-003,-1.427470e-001
1.335333333333333e-003,-6.719260e-001
1.335343513486592e-003,-6.816672e-001
1.335357087024271e-003,-6.935117e-001
1.335367547742724e-003,-7.013636e-001
1.335380138504912e-003,-7.087836e-001
1.335394668471556e-003,-7.149232e-001
1.335410376116483e-003,-7.190222e-001
1.335427169622080e-003,-7.211141e-001
1.335455512221355e-003,-7.215674e-001
1.335482895191605e-003,-7.201158e-001
1.335510278161856e-003,-7.189542e-001
1.335537661132107e-003,-7.180825e-001
1.335565044102358e-003,-7.175008e-001
1.335592427072608e-003,-7.172091e-001
1.335619810042859e-003,-7.172074e-001
1.335647193013110e-003,-7.174957e-001
1.359126165439808e-003,-6.823113e-001
1.382605137866507e-003,-6.479833e-001
1.406084110293205e-003,-6.145116e-001
1.429563082719904e-003,-5.818963e-001
1.453042055146602e-003,-5.501374e-001
1.476521027573301e-003,-5.192349e-001
1.499999999999999e-003,-4.891887e-001
1.500004210293386e-003,-4.892205e-001
1.500008420586773e-003,-4.890912e-001
1.500012630880160e-003,-4.888010e-001
1.500016841173547e-003,-4.883497e-001
1.500021051466934e-003,-4.877374e-001
1.500025261760321e-003,-4.869641e-001
1.500029472053708e-003,-4.860298e-001
1.500038816055213e-003,-4.829380e-001
1.500051765339851e-003,-4.767310e-001
1.500066657474217e-003,-4.670674e-001
1.500087709674229e-003,-4.497378e-001
1.500117310000889e-003,-4.214513e-001
1.500142255465132e-003,-3.957743e-001
1.500170375738932e-003,-3.662751e-001
1.500204468267391e-003,-3.310123e-001
1.500242610201088e-003,-2.923602e-001
1.500467741536225e-003,-6.739005e-002
1.500999999999999e-003,4.644551e-001
1.501007677868208e-003,4.719145e-001
1.501017915025820e-003,4.812117e-001
1.501029416599299e-003,4.904385e-001
1.501042838360317e-003,4.991566e-001
1.501057300974312e-003,5.060492e-001
1.501072362839381e-003,5.106760e-001
1.501088453113181e-003,5.132620e-001
1.501107675855126e-003,5.143822e-001
1.501118188011262e-003,5.143442e-001
1.501139921951570e-003,5.133585e-001
1.501176580745494e-003,5.114935e-001
1.501191329263192e-003,5.109654e-001
1.501206921535008e-003,5.105770e-001
1.501226905137166e-003,5.102937e-001
1.501278419606161e-003,5.101333e-001
1.501339199648714e-003,5.101376e-001
1.501399979691267e-003,5.101206e-001
1.501460759733819e-003,5.100823e-001
1.501521539776372e-003,5.100225e-001
1.501582319818925e-003,5.099414e-001
1.501643099861478e-003,5.098389e-001
1.501703879904031e-003,5.097151e-001
1.525412849441550e-003,4.769557e-001
1.549121818979069e-003,4.452606e-001
1.572830788516589e-003,4.146298e-001
1.596539758054108e-003,3.850632e-001
1.620248727591627e-003,3.565608e-001
1.643957697129147e-003,3.291228e-001
1.667666666666666e-003,3.027490e-001
1.667674079469946e-003,3.028456e-001
1.667681492273226e-003,3.023148e-001
1.667688905076506e-003,3.011566e-001
1.667696317879786e-003,2.993710e-001
1.667703730683066e-003,2.969580e-001
1.667711143486346e-003,2.939176e-001
1.667718556289626e-003,2.902498e-001
1.667733485758665e-003,2.805535e-001
1.667754605899135e-003,2.631567e-001
1.667784346753916e-003,2.347269e-001
1.667809287860772e-003,2.090541e-001
1.667837463694878e-003,1.795008e-001
1.667871608042718e-003,1.441907e-001
1.667909915134268e-003,1.053744e-001
1.668135926068554e-003,-1.204896e-001
1.668666666666666e-003,-6.508443e-001
1.668676853180675e-003,-6.605906e-001
1.668690435199353e-003,-6.724405e-001
1.668700893804644e-003,-6.802889e-001
1.668713482937517e-003,-6.877054e-001
1.668728012912710e-003,-6.938425e-001
1.668743722286589e-003,-6.979396e-001
1.668760517310782e-003,-7.000299e-001
1.668779402901193e-003,-7.006581e-001
1.668793707890965e-003,-6.999787e-001
1.668808012880737e-003,-6.993372e-001
1.668822317870509e-003,-6.987335e-001
1.668836622860281e-003,-6.981676e-001
1.668850927850053e-003,-6.976396e-001
1.668865232839825e-003,-6.971494e-001
1.668879537829597e-003,-6.966971e-001
1.688708910149803e-003,-6.657814e-001
1.708538282470009e-003,-6.355643e-001
1.728367654790216e-003,-6.060458e-001
1.748197027110422e-003,-5.772258e-001
1.768026399430628e-003,-5.491045e-001
1.787855771750834e-003,-5.216816e-001
1.807685144071040e-003,-4.949574e-001
1.811349171108511e-003,-4.900964e-001
1.815013198145981e-003,-4.852589e-001
1.818677225183451e-003,-4.804450e-001
1.822341252220921e-003,-4.756546e-001
1.826005279258392e-003,-4.708878e-001
1.829669306295862e-003,-4.661445e-001
1.833333333333332e-003,-4.614248e-001
1.833336321459831e-003,-4.614321e-001
1.833339309586330e-003,-4.613734e-001
1.833342297712829e-003,-4.612485e-001
1.833345285839328e-003,-4.610574e-001
1.833348273965826e-003,-4.608002e-001
1.833351262092326e-003,-4.604769e-001
1.833354250218824e-003,-4.600875e-001
1.833362811408076e-003,-4.582637e-001
1.833372157101045e-003,-4.551704e-001
1.833385109049160e-003,-4.489607e-001
1.833400004101249e-003,-4.392933e-001
1.833421061916583e-003,-4.219566e-001
1.833450674822784e-003,-3.936555e-001
1.833475616323365e-003,-3.679814e-001
1.833503738944915e-003,-3.384792e-001
1.833537832985794e-003,-3.032147e-001
1.833575988140532e-003,-2.645487e-001
1.833801173374336e-003,-3.951908e-002
1.834333333333332e-003,4.922409e-001
1.834341011228508e-003,4.997006e-001
1.834351248422075e-003,5.089981e-001
1.834362750800130e-003,5.182258e-001
1.834376173596427e-003,5.269450e-001
1.834390637002751e-003,5.338383e-001
1.834405700070532e-003,5.384659e-001
1.834421792029273e-003,5.410525e-001
1.834441018676500e-003,5.421734e-001
1.834451530860312e-003,5.421357e-001
1.834473264151599e-003,5.411507e-001
1.834509910360025e-003,5.392874e-001
1.834540252718928e-003,5.383715e-001
1.834560241685232e-003,5.380886e-001
1.834611759064636e-003,5.379293e-001
1.834672547620537e-003,5.379352e-001
1.834733336176439e-003,5.379197e-001
1.834794124732341e-003,5.378828e-001
1.834854913288243e-003,5.378246e-001
1.834915701844144e-003,5.377450e-001
1.834976490400046e-003,5.376440e-001
1.835037278955948e-003,5.375217e-001
1.853274270148058e-003,5.126425e-001
1.871511261340168e-003,4.883492e-001
1.889748252532279e-003,4.646419e-001
1.907985243724389e-003,4.415206e-001
1.926222234916499e-003,4.189852e-001
1.944459226108610e-003,3.970358e-001
1.962696217300720e-003,3.756723e-001
1.968168186257760e-003,3.693754e-001
1.973640155214800e-003,3.631300e-001
1.979112124171840e-003,3.569359e-001
1.984584093128879e-003,3.507933e-001
1.990056062085919e-003,3.447022e-001
1.995528031042959e-003,3.386624e-001
2.000999999999999e-003,3.326741e-001
2.001005557848941e-003,3.327387e-001
2.001011115697884e-003,3.324832e-001
2.001016673546826e-003,3.319078e-001
2.001022231395767e-003,3.310123e-001
2.001027789244709e-003,3.297967e-001
2.001033347093652e-003,3.282612e-001
2.001038904942594e-003,3.264056e-001
2.001051886046207e-003,3.201779e-001
2.001066814695020e-003,3.104833e-001
2.001087932991261e-003,2.930898e-001
2.001117669032772e-003,2.646664e-001
2.001142614515405e-003,2.389899e-001
2.001170791801484e-003,2.094355e-001
2.001204938095946e-003,1.741233e-001
2.001243242037918e-003,1.353101e-001
2.001378571278353e-003,9.231748e-005
2.001999999999999e-003,-6.209138e-001
2.002010069426122e-003,-6.305556e-001
2.002023495327619e-003,-6.422932e-001
2.002033992474693e-003,-6.501973e-001
2.002046610641854e-003,-6.576683e-001
2.002061139432245e-003,-6.638435e-001
2.002076813382704e-003,-6.679669e-001
2.002093569400612e-003,-6.700752e-001
2.002112822194963e-003,-6.707276e-001
2.002143646349448e-003,-6.694739e-001
2.002164208256087e-003,-6.684308e-001
2.002184770162726e-003,-6.675908e-001
2.002205332069365e-003,-6.669539e-001
2.002225893976004e-003,-6.665200e-001
2.002246455882643e-003,-6.662892e-001
2.002267017789283e-003,-6.662614e-001
2.002287579695922e-003,-6.664367e-001
2.025770306406028e-003,-6.299963e-001
2.049253033116134e-003,-5.945624e-001
2.072735759826240e-003,-5.601350e-001
2.096218486536346e-003,-5.267140e-001
2.119701213246453e-003,-4.942995e-001
2.143183939956559e-003,-4.628914e-001
2.166666666666665e-003,-4.324899e-001
2.166670878026718e-003,-4.325216e-001
2.166675089386771e-003,-4.323923e-001
2.166679300746825e-003,-4.321018e-001
2.166683512106877e-003,-4.316503e-001
2.166687723466931e-003,-4.310376e-001
2.166691934826984e-003,-4.302638e-001
2.166696146187037e-003,-4.293290e-001
2.166705492329780e-003,-4.262356e-001
2.166718444965160e-003,-4.200258e-001
2.166733340846435e-003,-4.103580e-001
2.166754400114934e-003,-3.930205e-001
2.166784015911777e-003,-3.647172e-001
2.166808958113245e-003,-3.390429e-001
2.166837082582465e-003,-3.095393e-001
2.166871178381348e-003,-2.742737e-001
2.166909337640474e-003,-2.356041e-001
2.166965186367368e-003,-1.797299e-001
2.167044158737950e-003,-1.009008e-001
2.167402182108147e-003,2.569629e-001
2.167666666666665e-003,5.211596e-001
2.167674344776097e-003,5.286194e-001
2.167684582255340e-003,5.379171e-001
2.167696085122095e-003,5.471451e-001
2.167709508590657e-003,5.558646e-001
2.167723972587422e-003,5.627581e-001
2.167739036548952e-003,5.673859e-001
2.167755129665988e-003,5.699726e-001
2.167774358719785e-003,5.710936e-001
2.167784871341250e-003,5.710558e-001
2.167797545974330e-003,5.703802e-001
2.167810220607409e-003,5.697506e-001
2.167822895240488e-003,5.691668e-001
2.167835569873568e-003,5.686290e-001
2.167848244506647e-003,5.681371e-001
2.167860919139727e-003,5.676911e-001
2.167873593772806e-003,5.672910e-001
2.167918877078867e-003,5.668629e-001
2.168122505268679e-003,5.666963e-001
2.168326133458492e-003,5.665002e-001
2.168529761648304e-003,5.662748e-001
2.168733389838117e-003,5.660199e-001
2.168937018027929e-003,5.657357e-001
2.169140646217742e-003,5.654221e-001
2.169344274407554e-003,5.650792e-001
2.191627751388469e-003,5.344885e-001
2.213911228369383e-003,5.047450e-001
2.236194705350298e-003,4.758486e-001
2.258478182331212e-003,4.477995e-001
2.280761659312126e-003,4.205975e-001
2.303045136293041e-003,3.942426e-001
2.325328613273955e-003,3.687350e-001
2.334333333333332e-003,3.586599e-001
2.334337553535750e-003,3.586923e-001
2.334341773738168e-003,3.585631e-001
2.334345993940587e-003,3.582723e-001
2.334350214143005e-003,3.578197e-001
2.334354434345423e-003,3.572055e-001
2.334358654547841e-003,3.564297e-001
2.334362874750260e-003,3.554922e-001
2.334372239567724e-003,3.523904e-001
2.334385221149769e-003,3.461622e-001
2.334400150396755e-003,3.364671e-001
2.334421269706806e-003,3.190725e-001
2.334451007668106e-003,2.906469e-001
2.334475954118286e-003,2.649692e-001
2.334504133035759e-003,2.354127e-001
2.334538280935729e-003,2.000982e-001
2.334576587934765e-003,1.612812e-001
2.334632676745184e-003,1.051641e-001
2.334711932229443e-003,2.604536e-002
2.335333333333332e-003,-5.949464e-001
2.335336826700406e-003,-5.983686e-001
2.335343813434555e-003,-6.049542e-001
2.335357786902853e-003,-6.170833e-001
2.335368153944571e-003,-6.247966e-001
2.335380675734870e-003,-6.320812e-001
2.335395209959856e-003,-6.381240e-001
2.335411013160268e-003,-6.421571e-001
2.335427912595934e-003,-6.442029e-001
2.335445937033346e-003,-6.447742e-001
2.335464898669070e-003,-6.441604e-001
2.335487083279288e-003,-6.429387e-001
2.335509267889506e-003,-6.419488e-001
2.335531452499724e-003,-6.411909e-001
2.335553637109942e-003,-6.406648e-001
2.335575821720160e-003,-6.403707e-001
2.335598006330378e-003,-6.403084e-001
2.335620190940596e-003,-6.404781e-001
2.359103020806225e-003,-6.045567e-001
2.382585850671854e-003,-5.696541e-001
2.406068680537483e-003,-5.357703e-001
2.429551510403112e-003,-5.029051e-001
2.453034340268741e-003,-4.710587e-001
2.476517170134369e-003,-4.402310e-001
2.499999999999998e-003,-4.104220e-001
2.500004211245405e-003,-4.104538e-001
2.500008422490813e-003,-4.103246e-001
2.500012633736221e-003,-4.100343e-001
2.500016844981628e-003,-4.095829e-001
2.500021056227036e-003,-4.089704e-001
2.500025267472444e-003,-4.081969e-001
2.500029478717851e-003,-4.072622e-001
2.500038824685661e-003,-4.041694e-001
2.500051777021048e-003,-3.979605e-001
2.500066672662083e-003,-3.882939e-001
2.500087731302671e-003,-3.709583e-001
2.500117345269296e-003,-3.426585e-001
2.500142289910583e-003,-3.169829e-001
2.500170415552016e-003,-2.874790e-001
2.500204512762447e-003,-2.522126e-001
2.500242671331560e-003,-2.135446e-001
2.500298518112844e-003,-1.576737e-001
2.500467897562044e-003,1.151756e-002
2.500999999999998e-003,5.431998e-001
2.501007678346125e-003,5.506595e-001
2.501017916140959e-003,5.599573e-001
2.501029419242528e-003,5.691852e-001
2.501042843063463e-003,5.779046e-001
2.501057307417724e-003,5.847980e-001
2.501072371918989e-003,5.894257e-001
2.501088465683617e-003,5.920123e-001
2.501107695916487e-003,5.931331e-001
2.501127667523892e-003,5.927346e-001
2.501149208877790e-003,5.915266e-001
2.501170750231689e-003,5.905378e-001
2.501192291585588e-003,5.897683e-001
2.501213832939486e-003,5.892182e-001
2.501235374293385e-003,5.888873e-001
2.501256915647284e-003,5.887758e-001
2.501278457001183e-003,5.888835e-001
2.502370726220445e-003,5.874612e-001
2.503462995439708e-003,5.860073e-001
2.504555264658970e-003,5.845218e-001
2.505647533878233e-003,5.830049e-001
2.506739803097495e-003,5.814563e-001
2.507832072316758e-003,5.798762e-001
2.508924341536020e-003,5.782646e-001
2.531601816554684e-003,5.468028e-001
2.554279291573348e-003,5.162169e-001
2.576956766592011e-003,4.865069e-001
2.599634241610675e-003,4.576729e-001
2.622311716629338e-003,4.297148e-001
2.644989191648002e-003,4.026327e-001
2.667666666666665e-003,3.764265e-001
2.667670887157864e-003,3.764588e-001
2.667675107649064e-003,3.763295e-001
2.667679328140263e-003,3.760385e-001
2.667683548631462e-003,3.755858e-001
2.667687769122662e-003,3.749714e-001
2.667691989613861e-003,3.741954e-001
2.667696210105060e-003,3.732576e-001
2.667705575506382e-003,3.701552e-001
2.667718558002424e-003,3.639260e-001
2.667733488278944e-003,3.542295e-001
2.667754609520631e-003,3.368323e-001
2.667784351683014e-003,3.084015e-001
2.667809297453613e-003,2.827238e-001
2.667837477662047e-003,2.531653e-001
2.667871626619705e-003,2.178492e-001
2.667909938451998e-003,1.790264e-001
2.667966035254729e-003,1.229000e-001
2.668045298474197e-003,4.377142e-002
2.668134065358835e-003,-4.499496e-002
2.668222832243473e-003,-1.337428e-001
2.668311599128112e-003,-2.224720e-001
2.668400366012750e-003,-3.111827e-001
2.668489132897388e-003,-3.998749e-001
2.668577899782027e-003,-4.885484e-001
2.668666666666665e-003,-5.772035e-001
2.668670373368169e-003,-5.808284e-001
2.668677786771176e-003,-5.877759e-001
2.668692613577189e-003,-6.004983e-001
2.668702793652543e-003,-6.079276e-001
2.668715180020009e-003,-6.149312e-001
2.668729718085692e-003,-6.207635e-001
2.668745734249052e-003,-6.246524e-001
2.668762876285823e-003,-6.265935e-001
2.668779242203022e-003,-6.270456e-001
2.668798461439590e-003,-6.264065e-001
2.668817399219225e-003,-6.253207e-001
2.668836336998860e-003,-6.244220e-001
2.668855274778495e-003,-6.237106e-001
2.668874212558129e-003,-6.231864e-001
2.668893150337764e-003,-6.228494e-001
2.668912088117399e-003,-6.226997e-001
2.668931025897034e-003,-6.227371e-001
2.669163783598544e-003,-6.225051e-001
2.669396541300054e-003,-6.222416e-001
2.669629299001564e-003,-6.219466e-001
2.669862056703074e-003,-6.216201e-001
2.670094814404584e-003,-6.212621e-001
2.670327572106094e-003,-6.208727e-001
2.670560329807605e-003,-6.204517e-001
2.692479713142402e-003,-5.874486e-001
2.714399096477199e-003,-5.553431e-001
2.736318479811996e-003,-5.241355e-001
2.758237863146793e-003,-4.938255e-001
2.780157246481590e-003,-4.644133e-001
2.802076629816387e-003,-4.358988e-001
2.823996013151184e-003,-4.082820e-001
2.833333333333331e-003,-3.967820e-001
2.833337544361133e-003,-3.968140e-001
2.833341755388936e-003,-3.966849e-001
2.833345966416738e-003,-3.963947e-001
2.833350177444541e-003,-3.959435e-001
2.833354388472344e-003,-3.953312e-001
2.833358599500146e-003,-3.945579e-001
2.833362810527949e-003,-3.936235e-001
2.833372156108426e-003,-3.905313e-001
2.833385107814277e-003,-3.843236e-001
2.833400002836562e-003,-3.746584e-001
2.833421060153649e-003,-3.573254e-001
2.833450670815956e-003,-3.290305e-001
2.833475617992271e-003,-3.033534e-001
2.833503744230595e-003,-2.738496e-001
2.833537842351771e-003,-2.385831e-001
2.833575998436774e-003,-1.999183e-001
2.833684189136283e-003,-9.178207e-002
2.833792379835790e-003,1.634364e-002
2.833900570535299e-003,1.244588e-001
2.834008761234807e-003,2.325635e-001
2.834116951934315e-003,3.406576e-001
2.834225142633823e-003,4.487412e-001
2.834333333333331e-003,5.568143e-001
2.834341011865098e-003,5.642741e-001
2.834351249907453e-003,5.735717e-001
2.834362753079894e-003,5.827995e-001
2.834376177032243e-003,5.915188e-001
2.834390641557410e-003,5.984119e-001
2.834405706315723e-003,6.030395e-001
2.834421800353425e-003,6.056259e-001
2.834441030961022e-003,6.067463e-001
2.834461004011262e-003,6.063475e-001
2.834482546573831e-003,6.051390e-001
2.834504089136399e-003,6.041497e-001
2.834525631698967e-003,6.033798e-001
2.834547174261536e-003,6.028291e-001
2.834568716824104e-003,6.024978e-001
2.834590259386672e-003,6.023857e-001
2.834611801949240e-003,6.024930e-001
2.842679714600928e-003,5.909895e-001
2.850747627252615e-003,5.795777e-001
2.858815539904303e-003,5.682575e-001
2.866883452555989e-003,5.570289e-001
2.874951365207677e-003,5.458920e-001
2.883019277859364e-003,5.348467e-001
2.891087190511052e-003,5.238929e-001
2.906789020438044e-003,5.029640e-001
2.922490850365036e-003,4.824595e-001
2.938192680292029e-003,4.623792e-001
2.953894510219021e-003,4.427233e-001
2.969596340146014e-003,4.234918e-001
2.985298170073006e-003,4.046845e-001
3.000999999999998e-003,3.863016e-001
3.001004220768058e-003,3.863339e-001
3.001008441536118e-003,3.862045e-001
3.001012662304177e-003,3.859133e-001
3.001016883072236e-003,3.854605e-001
3.001021103840296e-003,3.848459e-001
3.001025324608356e-003,3.840697e-001
3.001029545376416e-003,3.831317e-001
3.001038911323221e-003,3.800287e-001
3.001051894680197e-003,3.737985e-001
3.001066825902070e-003,3.641006e-001
3.001087948962235e-003,3.467008e-001
3.001117695197370e-003,3.182650e-001
3.001142640258953e-003,2.925873e-001
3.001170821558402e-003,2.630272e-001
3.001204971057734e-003,2.277100e-001
3.001243287379871e-003,1.888820e-001
3.001299392028778e-003,1.327467e-001
3.001378659837841e-003,5.361183e-002
3.001467422718149e-003,-3.515240e-002
3.001556185598458e-003,-1.238981e-001
3.001644948478766e-003,-2.126252e-001
3.001733711359074e-003,-3.013337e-001
3.001822474239382e-003,-3.900237e-001
3.001911237119690e-003,-4.786951e-001
3.001999999999998e-003,-5.673479e-001
3.002003940668435e-003,-5.711941e-001
3.002011822005307e-003,-5.785317e-001
3.002027584679053e-003,-5.918809e-001
3.002037579018884e-003,-5.990159e-001
3.002049834919909e-003,-6.057236e-001
3.002064371679770e-003,-6.113205e-001
3.002080639329022e-003,-6.150478e-001
3.002098081343461e-003,-6.168671e-001
3.002112882036133e-003,-6.172013e-001
3.002132462107766e-003,-6.165199e-001
3.002151614291893e-003,-6.154294e-001
3.002170766476021e-003,-6.145295e-001
3.002189918660148e-003,-6.138201e-001
3.002209070844276e-003,-6.133013e-001
3.002228223028403e-003,-6.129730e-001
3.002247375212531e-003,-6.128353e-001
3.002266527396658e-003,-6.128882e-001
3.002290073848941e-003,-6.129001e-001
3.003598741211848e-003,-6.110327e-001
3.004907408574754e-003,-6.091410e-001
3.006216075937661e-003,-6.072250e-001
3.007524743300567e-003,-6.052847e-001
3.008833410663474e-003,-6.033201e-001
3.010142078026380e-003,-6.013311e-001
3.011450745389287e-003,-5.993178e-001
3.031912054913097e-003,-5.691873e-001
3.052373364436907e-003,-5.398307e-001
3.072834673960717e-003,-5.112477e-001
3.093295983484527e-003,-4.834385e-001
3.113757293008336e-003,-4.564030e-001
3.134218602532146e-003,-4.301413e-001
3.154679912055956e-003,-4.046534e-001
3.166666666666664e-003,-3.900712e-001
3.166670877489980e-003,-3.901033e-001
3.166675088313296e-003,-3.899742e-001
3.166679299136612e-003,-3.896842e-001
3.166683509959927e-003,-3.892331e-001
3.166687720783243e-003,-3.886210e-001
3.166691931606559e-003,-3.878478e-001
3.166696142429875e-003,-3.869136e-001
3.166705487634543e-003,-3.838221e-001
3.166718438736153e-003,-3.776152e-001
3.166733333142191e-003,-3.679513e-001
3.166754389188036e-003,-3.506205e-001
3.166783996784687e-003,-3.223299e-001
3.166808945889074e-003,-2.966515e-001
3.166837072336264e-003,-2.671481e-001
3.166871170930827e-003,-2.318815e-001
3.166909324429949e-003,-1.932199e-001
3.167017516178051e-003,-8.508446e-002
3.167125707926153e-003,2.304046e-002
3.167233899674255e-003,1.311548e-001
3.167342091422358e-003,2.392587e-001
3.167450283170460e-003,3.473520e-001
3.167558474918562e-003,4.554348e-001
3.167666666666664e-003,5.635070e-001
3.167674345315704e-003,5.709668e-001
3.167684583514423e-003,5.802644e-001
3.167696086672439e-003,5.894919e-001
3.167709510632064e-003,5.982110e-001
3.167723975207989e-003,6.051040e-001
3.167739040041770e-003,6.097314e-001
3.167755134129122e-003,6.123176e-001
3.167774364685370e-003,6.134378e-001
3.167794338982372e-003,6.130387e-001
3.167815882314600e-003,6.118299e-001
3.167837425646827e-003,6.108403e-001
3.167858968979055e-003,6.100700e-001
3.167880512311283e-003,6.095190e-001
3.167902055643511e-003,6.091873e-001
3.167923598975739e-003,6.090748e-001
3.167945142307967e-003,6.091816e-001
3.182988614048509e-003,5.874864e-001
3.198032085789052e-003,5.661664e-001
3.213075557529595e-003,5.452215e-001
3.228119029270138e-003,5.246517e-001
3.243162501010680e-003,5.044571e-001
3.258205972751223e-003,4.846377e-001
3.273249444491766e-003,4.651935e-001
3.281653541707228e-003,4.545224e-001
3.290057638922689e-003,4.439739e-001
3.298461736138151e-003,4.335479e-001
3.306865833353613e-003,4.232445e-001
3.315269930569075e-003,4.130637e-001
3.323674027784537e-003,4.030054e-001
3.332078124999999e-003,3.930697e-001
3.333078125000000e-003,3.918955e-001
3.333333333333330e-003,3.915961e-001
