time,V(n003)
0.000000000000000e+000,7.966760e-006
1.666666666666670e-002,7.966761e-006
1.666667326749747e-002,1.056122e-004
1.666667612752000e-002,1.991199e-004
1.666667997019249e-002,4.224149e-004
1.666668420995867e-002,8.179135e-004
1.666668913878146e-002,1.538779e-003
1.666669612065595e-002,3.111341e-003
1.666670604739324e-002,6.456602e-003
1.666671862843041e-002,1.253551e-002
1.666673441019319e-002,2.284938e-002
1.666675490734078e-002,3.966360e-002
1.666677973538025e-002,6.332304e-002
1.666681242158496e-002,9.689817e-002
1.666684665907808e-002,1.326334e-001
1.666687975906513e-002,1.666754e-001
1.666691994835584e-002,2.071835e-001
1.666766666666670e-002,9.523311e-001
1.666767861323332e-002,9.636082e-001
1.666769454198881e-002,9.770520e-001
1.666770452451264e-002,9.841447e-001
1.666771678439294e-002,9.908122e-001
1.666773134255458e-002,9.963748e-001
1.666774768832155e-002,1.000081e+000
1.666776522189698e-002,1.001882e+000
1.666777983495633e-002,1.002197e+000
1.666778944844676e-002,1.001964e+000
1.666779960107676e-002,1.001496e+000
1.666783616936332e-002,9.995374e-001
1.666784950322870e-002,9.989676e-001
1.666786455938982e-002,9.984798e-001
1.666788171852621e-002,9.981109e-001
1.666790339656844e-002,9.978656e-001
1.666793522630151e-002,9.977337e-001
1.666802034589594e-002,9.976888e-001
1.668174422751379e-002,9.615681e-001
1.669546810913164e-002,9.262704e-001
1.670919199074950e-002,8.917957e-001
1.672291587236734e-002,8.581439e-001
1.673663975398520e-002,8.253151e-001
1.675036363560304e-002,7.933093e-001
1.676408751722090e-002,7.621265e-001
1.685979989635956e-002,5.648636e-001
1.703266352518953e-002,2.741695e-001
1.719456384443788e-002,7.093035e-002
1.735771156848893e-002,-6.655695e-002
1.752392597746813e-002,-1.526873e-001
1.767790433715993e-002,-1.932366e-001
1.786022653312561e-002,-2.068281e-001
1.803770671912374e-002,-1.971446e-001
1.824102023515335e-002,-1.695748e-001
1.844261306779989e-002,-1.351271e-001
1.866733030599407e-002,-9.618376e-002
1.889465153745210e-002,-6.103583e-002
1.907557981177482e-002,-3.790946e-002
1.921860646945451e-002,-2.354734e-002
1.937633607359952e-002,-1.153211e-002
1.954529095187789e-002,-2.287435e-003
1.972997386399249e-002,4.268465e-003
1.991984090270341e-002,7.972135e-003
2.012662641553944e-002,9.477542e-003
2.033976331956443e-002,9.263926e-003
2.055878382089861e-002,7.974668e-003
2.080683828632022e-002,6.015957e-003
2.108143751796450e-002,3.870614e-003
2.134918627411393e-002,2.079304e-003
2.149900745377933e-002,1.297047e-003
2.166321644384059e-002,6.586160e-004
2.182331495462353e-002,2.072642e-004
2.201234511146833e-002,-1.458226e-004
2.219455410186562e-002,-3.414254e-004
2.240607154668381e-002,-4.360526e-004
2.261327705180397e-002,-4.394737e-004
2.284702054117213e-002,-3.809323e-004
2.308412673004264e-002,-2.940109e-004
2.368813403882917e-002,-8.726814e-005
2.404006927687458e-002,-1.360958e-005
2.452225250136910e-002,2.550554e-005
2.502462098615140e-002,2.106319e-005
2.552698947093370e-002,1.724563e-005
2.602935795571601e-002,1.405284e-005
2.653172644049831e-002,1.148484e-005
2.703409492528061e-002,9.541624e-006
2.753646341006292e-002,8.223188e-006
2.803883189484522e-002,7.529536e-006
3.333433333333340e-002,7.967896e-006
3.333433589676742e-002,-7.852572e-006
3.333433882640631e-002,-5.163198e-005
3.333434277401027e-002,-1.729731e-004
3.333434700543978e-002,-4.156596e-004
3.333435138550948e-002,-8.343760e-004
3.333435619098604e-002,-1.559529e-003
3.333436336248372e-002,-3.222423e-003
3.333437345039843e-002,-6.711085e-003
3.333438628976374e-002,-1.305948e-002
3.333440230285268e-002,-2.372649e-002
3.333442332555275e-002,-4.130890e-002
3.333445279998498e-002,-6.978621e-002
3.333448419553549e-002,-1.022011e-001
3.333451961850253e-002,-1.391730e-001
3.333455201714036e-002,-1.723820e-001
3.333459552815386e-002,-2.161278e-001
3.333533333333340e-002,-9.525307e-001
3.333534311814409e-002,-9.619060e-001
3.333535616455833e-002,-9.733522e-001
3.333536674588179e-002,-9.813725e-001
3.333537942110778e-002,-9.889531e-001
3.333539393267791e-002,-9.951979e-001
3.333540950135525e-002,-9.993623e-001
3.333542613413381e-002,-1.001478e+000
3.333544712034420e-002,-1.002163e+000
3.333545689609633e-002,-1.001958e+000
3.333547844806245e-002,-1.000817e+000
3.333550343640548e-002,-9.994714e-001
3.333551655186003e-002,-9.989121e-001
3.333553188868152e-002,-9.984220e-001
3.333554893397661e-002,-9.980663e-001
3.333557125248596e-002,-9.978297e-001
3.333560432504122e-002,-9.977118e-001
3.333569246936730e-002,-9.976662e-001
3.334894340667808e-002,-9.627687e-001
3.336219434398887e-002,-9.286403e-001
3.337544528129965e-002,-8.952809e-001
3.338869621861045e-002,-8.626906e-001
3.340194715592123e-002,-8.308694e-001
3.341519809323202e-002,-7.998172e-001
3.342844903054280e-002,-7.695341e-001
3.352065157329143e-002,-5.781517e-001
3.369433813288818e-002,-2.828842e-001
3.385429935947619e-002,-7.914702e-002
3.401936164014323e-002,6.222539e-002
3.418748834077973e-002,1.511469e-001
3.434025855098508e-002,1.924275e-001
3.452299253929134e-002,2.077553e-001
3.466806958095395e-002,2.020374e-001
3.481596733741667e-002,1.842571e-001
3.498238708224424e-002,1.573620e-001
3.516062096364381e-002,1.257567e-001
3.534808311378752e-002,9.343071e-002
3.554825703058809e-002,6.274313e-002
3.573179610571083e-002,3.922457e-002
3.587451953943117e-002,2.468444e-002
3.603064392154405e-002,1.255349e-002
3.619840019517689e-002,3.114603e-003
3.638222321241046e-002,-3.681666e-003
3.657059566331427e-002,-7.594862e-003
3.677659510001802e-002,-9.380574e-003
3.694172213674818e-002,-9.484088e-003
3.709293542983939e-002,-8.827081e-003
3.725097373845934e-002,-7.732831e-003
3.742673822835734e-002,-6.316128e-003
3.760940429126929e-002,-4.829810e-003
3.780632644942161e-002,-3.368278e-003
3.801181001693305e-002,-2.071189e-003
3.816020926312345e-002,-1.317749e-003
3.831376542216452e-002,-7.181548e-004
3.847509136675836e-002,-2.531986e-004
3.865579830078043e-002,1.009620e-004
3.883880391154033e-002,3.149752e-004
3.904129073570296e-002,4.243108e-004
3.924754176079450e-002,4.469168e-004
3.939950243349652e-002,4.223472e-004
3.956687872034258e-002,3.704248e-004
3.992879006751642e-002,2.351142e-004
4.033674190008156e-002,1.063367e-004
4.075311078037697e-002,2.641293e-005
4.135906724611375e-002,-1.120866e-005
4.253599677589600e-002,-3.040482e-006
4.371292630567825e-002,3.318100e-006
4.488985583546050e-002,7.867088e-006
4.606678536524275e-002,1.060648e-005
4.724371489502500e-002,1.153628e-005
4.842064442480724e-002,1.065649e-005
4.959757395458949e-002,7.967104e-006
5.000000000000000e-002,7.832095e-006
5.000000660081366e-002,1.054787e-004
5.000000946084286e-002,1.989882e-004
5.000001330352597e-002,4.222873e-004
5.000001754330170e-002,8.177870e-004
5.000002247170438e-002,1.538584e-003
5.000002945344770e-002,3.111084e-003
5.000003937969651e-002,6.456104e-003
5.000005196085827e-002,1.253494e-002
5.000006774212029e-002,2.284830e-002
5.000008823918278e-002,3.966226e-002
5.000011306677713e-002,6.332111e-002
5.000014575280395e-002,9.689596e-002
5.000017999083399e-002,1.326318e-001
5.000021309037837e-002,1.666734e-001
5.000025327939687e-002,2.071812e-001
5.000100000000000e-002,9.523311e-001
5.000101192353703e-002,9.635884e-001
5.000102782158639e-002,9.770122e-001
5.000103780982741e-002,9.841142e-001
5.000105007363771e-002,9.907911e-001
5.000106463194833e-002,9.963615e-001
5.000108096901661e-002,1.000073e+000
5.000109849182961e-002,1.001878e+000
5.000111315223088e-002,1.002197e+000
5.000112276189964e-002,1.001965e+000
5.000113290531560e-002,1.001498e+000
5.000116947384911e-002,9.995387e-001
5.000118280314628e-002,9.989688e-001
5.000119785741937e-002,9.984807e-001
5.000121500732409e-002,9.981117e-001
5.000123667477292e-002,9.978660e-001
5.000126845669324e-002,9.977338e-001
5.000135345911377e-002,9.976892e-001
5.001502433596781e-002,9.617065e-001
5.002869521282186e-002,9.265405e-001
5.004236608967590e-002,8.921912e-001
5.005603696652995e-002,8.586585e-001
5.006970784338400e-002,8.259425e-001
5.008337872023804e-002,7.940431e-001
5.009704959709209e-002,7.629604e-001
5.019239573754789e-002,5.662973e-001
5.036533633577585e-002,2.751269e-001
5.052703571864483e-002,7.181185e-002
5.069031961577105e-002,-6.605104e-002
5.085667474699527e-002,-1.524703e-001
5.101051940680976e-002,-1.931234e-001
5.119286752673315e-002,-2.068301e-001
5.137025021149100e-002,-1.972272e-001
5.157357360595707e-002,-1.697006e-001
5.177507418473657e-002,-1.352827e-001
5.199979124980411e-002,-9.632841e-002
5.222701225927761e-002,-6.117262e-002
5.240826573620794e-002,-3.798207e-002
5.255117309123917e-002,-2.361435e-002
5.270887603762017e-002,-1.158383e-002
5.287770898164857e-002,-2.328518e-003
5.306240809287077e-002,4.244312e-003
5.325214655009329e-002,7.958979e-003
5.345894026613992e-002,9.474954e-003
5.367196422653586e-002,9.269046e-003
5.389030817792943e-002,7.988011e-003
5.413855023357059e-002,6.028951e-003
5.441270297486901e-002,3.886242e-003
5.468210204640523e-002,2.082188e-003
5.483220319324695e-002,1.297764e-003
5.499658458738817e-002,6.584602e-004
5.515660492186387e-002,2.072737e-004
5.534568552090555e-002,-1.459195e-004
5.552783704568409e-002,-3.414713e-004
5.573941613228930e-002,-4.361203e-004
5.594657701244020e-002,-4.395336e-004
5.618036881202280e-002,-3.809633e-004
5.641743772353402e-002,-2.940430e-004
5.702149148150830e-002,-8.726213e-005
5.737338979621778e-002,-1.360727e-005
5.785557170341153e-002,2.550907e-005
5.835794016647019e-002,2.106545e-005
5.886030862952886e-002,1.724687e-005
5.936267709258752e-002,1.405332e-005
5.986504555564619e-002,1.148481e-005
6.036741401870486e-002,9.541338e-006
6.086978248176353e-002,8.222902e-006
6.137215094482219e-002,7.529504e-006
6.666766666666671e-002,8.019446e-006
6.666766933133451e-002,-1.110138e-005
6.666767288422493e-002,-6.750232e-005
6.666767615249809e-002,-1.705338e-004
6.666768004553624e-002,-3.939364e-004
6.666768443359554e-002,-8.039564e-004
6.666768916929707e-002,-1.500845e-003
6.666769627179234e-002,-3.108080e-003
6.666770607257434e-002,-6.425139e-003
6.666771886377090e-002,-1.263067e-002
6.666773454034006e-002,-2.291264e-002
6.666775532075159e-002,-4.011659e-002
6.666778471995001e-002,-6.836051e-002
6.666781574926638e-002,-1.003473e-001
6.666784761319600e-002,-1.336423e-001
6.666788147716135e-002,-1.684386e-001
6.666792205287617e-002,-2.093154e-001
6.666866666666671e-002,-9.525294e-001
6.666867920397895e-002,-9.643121e-001
6.666869592039529e-002,-9.782529e-001
6.666870573007989e-002,-9.850823e-001
6.666871785194431e-002,-9.914755e-001
6.666873236686444e-002,-9.968064e-001
6.666874888673716e-002,-1.000342e+000
6.666876664042502e-002,-1.002007e+000
6.666878003018101e-002,-1.002220e+000
6.666878970471818e-002,-1.001951e+000
6.666881170174521e-002,-1.000810e+000
6.666883662290071e-002,-9.994773e-001
6.666885000379764e-002,-9.989095e-001
6.666886508351563e-002,-9.984291e-001
6.666888241186032e-002,-9.980679e-001
6.666890437150598e-002,-9.978337e-001
6.666893763444937e-002,-9.977135e-001
6.666902570525264e-002,-9.976662e-001
6.668241576897421e-002,-9.624067e-001
6.669580583269578e-002,-9.279323e-001
6.670919589641736e-002,-8.942430e-001
6.672258596013891e-002,-8.613389e-001
6.673597602386049e-002,-8.292198e-001
6.674936608758206e-002,-7.978858e-001
6.676275615130363e-002,-7.673370e-001
6.685592983429024e-002,-5.743374e-001
6.702940606596754e-002,-2.803469e-001
6.718990372886698e-002,-7.678216e-002
6.735452678183448e-002,6.353585e-002
6.752220721168342e-002,1.516697e-001
6.767532704939781e-002,1.927049e-001
6.785797285785601e-002,2.077670e-001
6.800262450321133e-002,2.019350e-001
6.815013961503108e-002,1.841325e-001
6.831685465996508e-002,1.571592e-001
6.849498595944772e-002,1.255702e-001
6.868268189995608e-002,9.322044e-002
6.888276880376508e-002,6.257408e-002
6.906586831975070e-002,3.914067e-002
6.920873364614515e-002,2.460690e-002
6.936489336232163e-002,1.249323e-002
6.953279430286714e-002,3.066359e-003
6.971659841813838e-002,-3.710093e-003
6.990512058397355e-002,-7.610595e-003
7.011110830509032e-002,-9.384426e-003
7.027589213118257e-002,-9.481571e-003
7.042727826865790e-002,-8.820578e-003
7.058532921435995e-002,-7.724689e-003
7.076125806502526e-002,-6.306115e-003
7.094388573668892e-002,-4.820632e-003
7.114098032482118e-002,-3.359159e-003
7.134644524368156e-002,-2.063904e-003
7.149456909791335e-002,-1.313041e-003
7.164781379390146e-002,-7.157163e-004
7.180937350596399e-002,-2.509552e-004
7.198999039500230e-002,1.022429e-004
7.217318170586197e-002,3.158021e-004
7.237559544214818e-002,4.245592e-004
7.258201038658815e-002,4.467721e-004
7.273424595406221e-002,4.219633e-004
7.290174037386644e-002,3.698817e-004
7.326379924825857e-002,2.344971e-004
7.367197186889160e-002,1.058544e-004
7.408810408599648e-002,2.620114e-005
7.469467204524215e-002,-1.123978e-005
7.591382202922073e-002,-3.029002e-006
7.713297201319931e-002,3.359451e-006
7.835212199717789e-002,7.925582e-006
7.957127198115649e-002,1.066939e-005
8.079042196513507e-002,1.159088e-005
8.200957194911365e-002,1.069004e-005
8.322872193309223e-002,7.966878e-006
8.333333333333330e-002,8.057792e-006
8.333333993417581e-002,1.057078e-004
8.333334279420480e-002,1.992165e-004
8.333334663687306e-002,4.225114e-004
8.333335087663130e-002,8.180119e-004
8.333335580578043e-002,1.538933e-003
8.333336278776432e-002,3.111550e-003
8.333337271489101e-002,6.457007e-003
8.333338529584000e-002,1.253598e-002
8.333340107800097e-002,2.285026e-002
8.333342157522633e-002,3.966470e-002
8.333344640363001e-002,6.332463e-002
8.333347908999891e-002,9.689998e-002
8.333351332706608e-002,1.326348e-001
8.333354642742533e-002,1.666772e-001
8.333358661694727e-002,2.071854e-001
8.333433333333330e-002,9.523311e-001
8.333434529843362e-002,9.636242e-001
8.333436125190069e-002,9.770840e-001
8.333437122983650e-002,9.841692e-001
8.333438348656616e-002,9.908292e-001
8.333439804460409e-002,9.963855e-001
8.333441439738824e-002,1.000088e+000
8.333443193966234e-002,1.001885e+000
8.333444651474127e-002,1.002198e+000
8.333445613131393e-002,1.001963e+000
8.333446629138709e-002,1.001495e+000
8.333450285950124e-002,9.995363e-001
8.333451619706424e-002,9.989666e-001
8.333453125478009e-002,9.984791e-001
8.333454842141137e-002,9.981104e-001
8.333457010810741e-002,9.978653e-001
8.333460197685541e-002,9.977336e-001
8.333468719160146e-002,9.976886e-001
8.334845558483189e-002,9.614519e-001
8.336222397806233e-002,9.260436e-001
8.337599237129276e-002,8.914636e-001
8.338976076452317e-002,8.577119e-001
8.340352915775361e-002,8.247886e-001
8.341729755098404e-002,7.926935e-001
8.343106594421447e-002,7.614268e-001
8.352708589757378e-002,5.636609e-001
8.369988492019430e-002,2.733663e-001
8.386195386580814e-002,7.019148e-002
8.402498693484682e-002,-6.698076e-002
8.419108294410559e-002,-1.528690e-001
8.434517349512682e-002,-1.933312e-001
8.452747386588336e-002,-2.068262e-001
8.470503593378706e-002,-1.970751e-001
8.490834108533699e-002,-1.694691e-001
8.511001134779554e-002,-1.349966e-001
8.533472873344061e-002,-9.606250e-002
8.556213410263977e-002,-6.092121e-002
8.574279042055012e-002,-3.784852e-002
8.588591747733929e-002,-2.349110e-002
8.604366920634285e-002,-1.148872e-002
8.621272659040599e-002,-2.252987e-003
8.639739569609846e-002,4.288701e-003
8.658737083607315e-002,7.983139e-003
8.679414937441091e-002,9.479685e-003
8.700738126504784e-002,9.259619e-003
8.722695802252314e-002,7.963535e-003
8.747486264266305e-002,6.005076e-003
8.774983313441126e-002,3.857572e-003
8.801622401403537e-002,2.076776e-003
8.816580829024329e-002,1.296364e-003
8.832988513542704e-002,6.586413e-004
8.849004637970562e-002,2.071849e-004
8.867904160208685e-002,-1.457967e-004
8.886129682690820e-002,-3.414166e-004
8.907276926593036e-002,-4.360073e-004
8.928001083204032e-002,-4.394211e-004
8.951372000290968e-002,-3.808932e-004
8.975085838625459e-002,-2.939674e-004
9.035483852950955e-002,-8.725780e-005
9.070678241624922e-002,-1.360604e-005
9.118896560153819e-002,2.550400e-005
9.169133928673366e-002,2.106182e-005
9.219371297192913e-002,1.724444e-005
9.269608665712460e-002,1.405186e-005
9.319846034232006e-002,1.148409e-005
9.370083402751553e-002,9.541131e-006
9.420320771271100e-002,8.222973e-006
9.470558139790647e-002,7.529621e-006
1.000010000000000e-001,8.008630e-006
1.000010061338063e-001,-7.495133e-005
1.000010089377534e-001,-1.593106e-004
1.000010128125408e-001,-3.690678e-004
1.000010170114258e-001,-7.384086e-004
1.000010218120042e-001,-1.403550e-003
1.000010284375776e-001,-2.818118e-003
1.000010378807207e-001,-5.848029e-003
1.000010502198812e-001,-1.155670e-002
1.000010654486920e-001,-2.116503e-002
1.000010852862395e-001,-3.714475e-002
1.000011140657259e-001,-6.436309e-002
1.000011442545290e-001,-9.529969e-002
1.000011748687664e-001,-1.273201e-001
1.000012089332316e-001,-1.624493e-001
1.000012472748474e-001,-2.011879e-001
1.000020000000000e-001,-9.525295e-001
1.000020045457382e-001,-9.569363e-001
1.000020136372145e-001,-9.652374e-001
1.000020318201672e-001,-9.800675e-001
1.000020413945762e-001,-9.864874e-001
1.000020533629775e-001,-9.924552e-001
1.000020678578023e-001,-9.974101e-001
1.000020848512140e-001,-1.000682e+000
1.000021032710155e-001,-1.002135e+000
1.000021150007466e-001,-1.002213e+000
1.000021246037572e-001,-1.001895e+000
1.000021469927848e-001,-1.000705e+000
1.000021721284020e-001,-9.993789e-001
1.000021856799293e-001,-9.988250e-001
1.000022010688199e-001,-9.983617e-001
1.000022189411528e-001,-9.980199e-001
1.000022419842326e-001,-9.978085e-001
1.000022798148691e-001,-9.977083e-001
1.000023770034884e-001,-9.976323e-001
1.000116771991583e-001,-9.730499e-001
1.000209773948283e-001,-9.488504e-001
1.000302775904982e-001,-9.250338e-001
1.000395777861681e-001,-9.015999e-001
1.000488779818380e-001,-8.785490e-001
1.000581781775079e-001,-8.558808e-001
1.000674783731779e-001,-8.335956e-001
1.001322983355070e-001,-6.885080e-001
1.002619382601653e-001,-4.403074e-001
1.004277754666203e-001,-1.910688e-001
1.006076083947434e-001,2.544795e-003
1.007572659985976e-001,1.079261e-001
1.009098666825669e-001,1.701188e-001
1.010759095831877e-001,2.012727e-001
1.012556398088379e-001,2.062568e-001
1.014074207725512e-001,1.941583e-001
1.015658487202440e-001,1.713757e-001
1.017378461456611e-001,1.417226e-001
1.019211314250654e-001,1.092515e-001
1.021143499466733e-001,7.761443e-002
1.023203451310416e-001,4.863894e-002
1.024734508031848e-001,3.119590e-002
1.026319941264111e-001,1.722552e-002
1.027900712015007e-001,6.902454e-003
1.029726005362995e-001,-1.271762e-003
1.031535162258381e-001,-6.195558e-003
1.033575134744752e-001,-8.855586e-003
1.035622368276788e-001,-9.543456e-003
1.037061243236451e-001,-9.136131e-003
1.038651701599712e-001,-8.133771e-003
1.040301967441088e-001,-6.843742e-003
1.042160527367466e-001,-5.313509e-003
1.044024005467441e-001,-3.870599e-003
1.046102963678380e-001,-2.471613e-003
1.047769937274527e-001,-1.552706e-003
1.049273821244647e-001,-9.061614e-004
1.050853803542855e-001,-3.973487e-004
1.052600747292058e-001,-2.558648e-006
1.054425203155811e-001,2.564371e-004
1.056384423135686e-001,3.998953e-004
1.058434223283533e-001,4.494632e-004
1.060005188954542e-001,4.372888e-004
1.061625065199207e-001,3.944568e-004
1.065154060279064e-001,2.650178e-004
1.069127782313786e-001,1.307410e-004
1.073015625079655e-001,4.319158e-005
1.078942279786407e-001,-8.268802e-006
1.085011613895186e-001,-3.118761e-006
1.091080948003966e-001,1.088613e-006
1.097150282112745e-001,4.353322e-006
1.103219616221525e-001,6.675364e-006
1.109288950330304e-001,8.054739e-006
1.115358284439084e-001,8.491449e-006
1.121427618547863e-001,7.985492e-006
1.163441458333333e-001,7.963224e-006
1.166666666666666e-001,7.824624e-006
1.166666732674795e-001,1.054934e-004
1.166666761275545e-001,1.990129e-004
1.166666799702505e-001,4.223229e-004
1.166666842100204e-001,8.178341e-004
1.166666891385759e-001,1.538669e-003
1.166666961203978e-001,3.111216e-003
1.166667060468650e-001,6.456361e-003
1.166667186280167e-001,1.253527e-002
1.166667344094979e-001,2.284887e-002
1.166667549066386e-001,3.966299e-002
1.166667797344704e-001,6.332215e-002
1.166668124206689e-001,9.689721e-002
1.166668466584688e-001,1.326328e-001
1.166668797582900e-001,1.666747e-001
1.166669199474893e-001,2.071826e-001
1.166676666666666e-001,9.523311e-001
1.166676786008079e-001,9.635975e-001
1.166676945129963e-001,9.770305e-001
1.166677044986026e-001,9.841282e-001
1.166677167606012e-001,9.908008e-001
1.166677313188438e-001,9.963676e-001
1.166677476599147e-001,1.000077e+000
1.166677651876771e-001,1.001880e+000
1.166677798262585e-001,1.002197e+000
1.166677894376859e-001,1.001965e+000
1.166677995853398e-001,1.001497e+000
1.166678361537551e-001,9.995381e-001
1.166678494851521e-001,9.989682e-001
1.166678645402885e-001,9.984803e-001
1.166678816944328e-001,9.981114e-001
1.166679033667375e-001,9.978658e-001
1.166679351705823e-001,9.977337e-001
1.166680202268105e-001,9.976890e-001
1.166817151997404e-001,9.616436e-001
1.166954101726703e-001,9.264177e-001
1.167091051456002e-001,8.920114e-001
1.167228001185301e-001,8.584245e-001
1.167364950914600e-001,8.256572e-001
1.167501900643898e-001,7.937095e-001
1.167638850373197e-001,7.625812e-001
1.168593976670883e-001,5.656453e-001
1.170323032703564e-001,2.746915e-001
1.171940940172362e-001,7.141089e-002
1.173573160603500e-001,-6.628120e-002
1.175236072571813e-001,-1.525690e-001
1.176775127111248e-001,-1.931750e-001
1.178598490552487e-001,-2.068292e-001
1.180372760636590e-001,-1.971896e-001
1.182405949789278e-001,-1.696434e-001
1.184421375034205e-001,-1.352120e-001
1.186668546471822e-001,-9.626262e-002
1.188941212222831e-001,-6.111040e-002
1.190752266760740e-001,-3.794906e-002
1.192181882326902e-001,-2.358388e-002
1.193759033398247e-001,-1.156031e-002
1.195447916985054e-001,-2.309832e-003
1.197294834780881e-001,4.255299e-003
1.199192803696897e-001,7.964968e-003
1.201260703702594e-001,9.476135e-003
1.203391456531412e-001,9.266719e-003
1.205577991294581e-001,7.981934e-003
1.208059546372793e-001,6.023039e-003
1.210803109702269e-001,3.879124e-003
1.213489551908990e-001,2.080894e-003
1.214989293578824e-001,1.297452e-003
1.216632303005235e-001,6.585483e-004
1.218232866532834e-001,2.072811e-004
1.220123431021022e-001,-1.458664e-004
1.221945210829172e-001,-3.414455e-004
1.224060710371155e-001,-4.360877e-004
1.226132524358360e-001,-4.395068e-004
1.228470212472359e-001,-3.809513e-004
1.230841069590689e-001,-2.940311e-004
1.236881376570648e-001,-8.726739e-005
1.240400564273635e-001,-1.360922e-005
1.245222391210920e-001,2.550724e-005
1.250246067434827e-001,2.106434e-005
1.255269743658735e-001,1.724633e-005
1.260293419882642e-001,1.405320e-005
1.265317096106550e-001,1.148495e-005
1.270340772330457e-001,9.541588e-006
1.275364448554365e-001,8.223107e-006
1.280388124778273e-001,7.529509e-006
1.333343333333333e-001,7.975688e-006
1.333343399340279e-001,-8.968542e-005
1.333343427940143e-001,-1.831977e-004
1.333343466366441e-001,-4.064964e-004
1.333343508763192e-001,-8.013244e-004
1.333343557482633e-001,-1.511897e-003
1.333343627064159e-001,-3.072552e-003
1.333343725562767e-001,-6.378056e-003
1.333343851553634e-001,-1.244288e-002
1.333344008588862e-001,-2.267526e-002
1.333344213365091e-001,-3.954883e-002
1.333344509524545e-001,-6.793135e-002
1.333344816806818e-001,-9.957606e-002
1.333345132102503e-001,-1.325301e-001
1.333345471257629e-001,-1.674012e-001
1.333345873112077e-001,-2.079048e-001
1.333353333333333e-001,-9.525294e-001
1.333353455632493e-001,-9.640497e-001
1.333353618698041e-001,-9.777310e-001
1.333353717513701e-001,-9.846805e-001
1.333353839216817e-001,-9.911970e-001
1.333353984402810e-001,-9.966326e-001
1.333354148386117e-001,-1.000241e+000
1.333354324354350e-001,-1.001962e+000
1.333354464435582e-001,-1.002217e+000
1.333354560700248e-001,-1.001962e+000
1.333354779412066e-001,-1.000833e+000
1.333355028206328e-001,-9.994989e-001
1.333355161543944e-001,-9.989286e-001
1.333355311787041e-001,-9.984441e-001
1.333355483832426e-001,-9.980789e-001
1.333355701378167e-001,-9.978397e-001
1.333356025956917e-001,-9.977148e-001
1.333356888979081e-001,-9.976717e-001
1.333488708312297e-001,-9.629575e-001
1.333620527645512e-001,-9.290037e-001
1.333752346978727e-001,-8.958103e-001
1.333884166311942e-001,-8.633774e-001
1.334015985645157e-001,-8.317050e-001
1.334147804978372e-001,-8.007930e-001
1.334279624311587e-001,-7.706414e-001
1.335197800167135e-001,-5.798687e-001
1.336935128538257e-001,-2.840933e-001
1.338532631183761e-001,-8.021311e-002
1.340182940849925e-001,6.150158e-002
1.341864080697478e-001,1.507459e-001
1.343390142474666e-001,1.922170e-001
1.345217245282921e-001,2.077414e-001
1.346671031306958e-001,2.021124e-001
1.348152777916143e-001,1.843544e-001
1.349814748965532e-001,1.575213e-001
1.351597796103116e-001,1.259065e-001
1.353470664768603e-001,9.359843e-002
1.355472968411845e-001,6.288047e-002
1.357311958296597e-001,3.929285e-002
1.358738022301637e-001,2.474797e-002
1.360298957491345e-001,1.260325e-002
1.361975330253926e-001,3.154684e-003
1.363813703973829e-001,-3.657772e-003
1.365696193830090e-001,-7.581396e-003
1.367756274653553e-001,-9.376328e-003
1.369413699089797e-001,-9.484505e-003
1.370925538640802e-001,-8.829519e-003
1.372506503365059e-001,-7.735448e-003
1.374262787959652e-001,-6.320036e-003
1.376090114483280e-001,-4.832962e-003
1.378058175249642e-001,-3.371801e-003
1.380113577322874e-001,-2.073739e-003
1.381598612667440e-001,-1.319350e-003
1.383135354906918e-001,-7.189361e-004
1.384747765496091e-001,-2.539365e-004
1.386555198041286e-001,1.005533e-004
1.388384575435965e-001,3.147071e-004
1.390409754983570e-001,4.242353e-004
1.392471672581208e-001,4.469690e-004
1.393990385034526e-001,4.224767e-004
1.395663735648285e-001,3.706068e-004
1.399282355990501e-001,2.353196e-004
1.403361141848622e-001,1.064966e-004
1.407525647698568e-001,2.648244e-005
1.413583225489847e-001,-1.119861e-005
1.424887062208935e-001,-3.073052e-006
1.436190898928023e-001,3.256677e-006
1.447494735647111e-001,7.790581e-006
1.458798572366199e-001,1.052866e-005
1.470102409085287e-001,1.147092e-005
1.481406245804375e-001,1.061735e-005
1.492710082523463e-001,7.967954e-006
1.499999999999999e-001,8.011866e-006
1.500000034838061e-001,3.719294e-005
1.500000069389354e-001,1.031400e-004
1.500000104725010e-001,2.389813e-004
1.500000150700515e-001,5.500406e-004
1.500000192323534e-001,1.010829e-003
1.500000250559614e-001,2.016800e-003
1.500000326485729e-001,4.031098e-003
1.500000444411231e-001,8.639306e-003
1.500000575184062e-001,1.582364e-002
1.500000756732160e-001,2.896824e-002
1.500000977341467e-001,4.842481e-002
1.500001281831427e-001,7.868230e-002
1.500001944995600e-001,1.476439e-001
1.500002299669779e-001,1.837681e-001
1.500003579182433e-001,3.115476e-001
1.500009999999999e-001,9.523348e-001
1.500010080266239e-001,9.601092e-001
1.500010187287894e-001,9.697681e-001
1.500010300599229e-001,9.787710e-001
1.500010433434179e-001,9.872832e-001
1.500010578293301e-001,9.940739e-001
1.500010729774915e-001,9.986259e-001
1.500010891625339e-001,1.001134e+000
1.500011085980925e-001,1.002179e+000
1.500011190078851e-001,1.002107e+000
1.500011285699368e-001,1.001719e+000
1.500011651332210e-001,9.997483e-001
1.500011778350755e-001,9.991634e-001
1.500011925937387e-001,9.986295e-001
1.500012084932633e-001,9.982274e-001
1.500012287197602e-001,9.979311e-001
1.500012550372130e-001,9.977612e-001
1.500013040386862e-001,9.977208e-001
1.500013530401593e-001,9.976600e-001
1.500014020416325e-001,9.975787e-001
1.500014510431056e-001,9.974769e-001
1.500015000445787e-001,9.973547e-001
1.500015490460519e-001,9.972121e-001
1.500015980475250e-001,9.970490e-001
1.500112129672665e-001,9.716581e-001
1.500208278870080e-001,9.466742e-001
1.500304428067494e-001,9.220974e-001
1.500400577264909e-001,8.979275e-001
1.500496726462324e-001,8.741647e-001
1.500592875659738e-001,8.508089e-001
1.500689024857153e-001,8.278602e-001
1.501361033158804e-001,6.784652e-001
1.502705049762105e-001,4.238847e-001
1.504354167365490e-001,1.800628e-001
1.506176623753469e-001,-1.176462e-002
1.507653140962764e-001,-1.130160e-001
1.509159282816359e-001,-1.722269e-001
1.510836688918395e-001,-2.020680e-001
1.512629977737903e-001,-2.051230e-001
1.514508786578962e-001,-1.876855e-001
1.516527954605720e-001,-1.565497e-001
1.518639793951125e-001,-1.195292e-001
1.520887932495379e-001,-8.202525e-002
1.523267719475382e-001,-4.792522e-002
1.524800310252230e-001,-3.038416e-002
1.526414415466611e-001,-1.630634e-002
1.527986191887686e-001,-6.211231e-003
1.529835197879336e-001,1.862352e-003
1.531634423811044e-001,6.578127e-003
1.533700905225632e-001,9.094300e-003
1.535741968196838e-001,9.551365e-003
1.537984737969671e-001,8.613603e-003
1.540312385798954e-001,6.907315e-003
1.542939159445145e-001,4.803581e-003
1.546099291176043e-001,2.531420e-003
1.547875984697201e-001,1.507857e-003
1.549364049992091e-001,8.664796e-004
1.551021510622353e-001,3.404787e-004
1.552768928599645e-001,-4.133553e-005
1.554660429042426e-001,-2.921512e-004
1.556636758127233e-001,-4.187411e-004
1.558756792250039e-001,-4.484291e-004
1.560968714975813e-001,-4.087205e-004
1.563349415389063e-001,-3.267667e-004
1.565939030069381e-001,-2.276127e-004
1.571438009078725e-001,-5.582975e-005
1.576085382718953e-001,1.210105e-005
1.579386860506168e-001,1.898663e-005
1.582688338293382e-001,2.337869e-005
1.585989816080597e-001,2.527724e-005
1.589291293867812e-001,2.468228e-005
1.592592771655027e-001,2.159380e-005
1.595894249442242e-001,1.601181e-005
1.599195727229457e-001,7.936304e-006
1.666676666666666e-001,8.108485e-006
1.666676732673582e-001,-8.956296e-005
1.666676761273753e-001,-1.830815e-004
1.666676799700212e-001,-4.063890e-004
1.666676842097045e-001,-8.012237e-004
1.666676890813093e-001,-1.511748e-003
1.666676960393759e-001,-3.072366e-003
1.666677058888714e-001,-6.377701e-003
1.666677184880843e-001,-1.244250e-002
1.666677341912345e-001,-2.267451e-002
1.666677546688334e-001,-3.954794e-002
1.666677842845825e-001,-6.793014e-002
1.666678150126600e-001,-9.957466e-002
1.666678465419196e-001,-1.325284e-001
1.666678804574852e-001,-1.673996e-001
1.666679206423145e-001,-2.079026e-001
1.666686666666666e-001,-9.525294e-001
1.666686788974285e-001,-9.640504e-001
1.666686952051111e-001,-9.777324e-001
1.666687050864754e-001,-9.846817e-001
1.666687172566500e-001,-9.911978e-001
1.666687317752404e-001,-9.966331e-001
1.666687481738996e-001,-1.000241e+000
1.666687657711402e-001,-1.001962e+000
1.666687797775903e-001,-1.002217e+000
1.666687894042001e-001,-1.001962e+000
1.666688112757216e-001,-1.000833e+000
1.666688361552637e-001,-9.994988e-001
1.666688494891548e-001,-9.989285e-001
1.666688645136180e-001,-9.984440e-001
1.666688817184957e-001,-9.980788e-001
1.666689034736302e-001,-9.978396e-001
1.666689359336526e-001,-9.977148e-001
1.666690222407898e-001,-9.976717e-001
1.666822031799791e-001,-9.629600e-001
1.666953841191685e-001,-9.290087e-001
1.667085650583579e-001,-8.958177e-001
1.667217459975472e-001,-8.633870e-001
1.667349269367366e-001,-8.317167e-001
1.667481078759259e-001,-8.008067e-001
1.667612888151153e-001,-7.706571e-001
1.668530989878222e-001,-5.798969e-001
1.670268336091836e-001,-2.841118e-001
1.671865797618613e-001,-8.023062e-002
1.673516146110918e-001,6.149224e-002
1.675197324952287e-001,1.507425e-001
1.676723361189746e-001,1.922151e-001
1.678550472175638e-001,2.077413e-001
1.680004286533578e-001,2.021131e-001
1.681486058418922e-001,1.843552e-001
1.683148010360860e-001,1.575226e-001
1.684931064324601e-001,1.259077e-001
1.686803917844584e-001,9.359977e-002
1.688806227382148e-001,6.288154e-002
1.690645245140697e-001,3.929338e-002
1.692071300332304e-001,2.474846e-002
1.693632233318518e-001,1.260363e-002
1.695308597043462e-001,3.154986e-003
1.697146971942367e-001,-3.657595e-003
1.699029452456937e-001,-7.581299e-003
1.701089534026452e-001,-9.376307e-003
1.702746966982049e-001,-9.484528e-003
1.704258791325799e-001,-8.829571e-003
1.705839752528411e-001,-7.735515e-003
1.707596026912413e-001,-6.320115e-003
1.709423354423329e-001,-4.833036e-003
1.711391403425116e-001,-3.371874e-003
1.713446805021052e-001,-2.073798e-003
1.714931862412104e-001,-1.319389e-003
1.716468629609044e-001,-7.189562e-004
1.718081021388685e-001,-2.539549e-004
1.719888461052219e-001,1.005427e-004
1.721717823525814e-001,3.147003e-004
1.723743008787052e-001,4.242332e-004
1.725804913184382e-001,4.469701e-004
1.727323603252675e-001,4.224798e-004
1.728996944091313e-001,3.706112e-004
1.732615552314599e-001,2.353246e-004
1.736694320110296e-001,1.065005e-004
1.740858845525506e-001,2.648418e-005
1.746916373330872e-001,-1.119835e-005
1.758220196894019e-001,-3.072931e-006
1.769524020457166e-001,3.256694e-006
1.780827844020314e-001,7.790527e-006
1.792131667583461e-001,1.052857e-005
1.803435491146608e-001,1.147082e-005
1.814739314709755e-001,1.061728e-005
1.826043138272902e-001,7.967954e-006
1.833333333333332e-001,7.965608e-006
1.833333375603614e-001,4.357235e-005
1.833333406568426e-001,1.103452e-004
1.833333445544127e-001,2.732576e-004
1.833333488630620e-001,5.864681e-004
1.833333533615220e-001,1.116440e-003
1.833333592034727e-001,2.187898e-003
1.833333674420580e-001,4.492496e-003
1.833333791638251e-001,9.294730e-003
1.833333929893771e-001,1.719121e-002
1.833334113232581e-001,3.083840e-002
1.833334339839165e-001,5.118701e-002
1.833334647249253e-001,8.198533e-002
1.833335313539516e-001,1.512669e-001
1.833335681659508e-001,1.886698e-001
1.833343333333332e-001,9.523358e-001
1.833343411564845e-001,9.599213e-001
1.833343515873530e-001,9.693632e-001
1.833343630184603e-001,9.784901e-001
1.833343763836861e-001,9.871157e-001
1.833343908583315e-001,9.939601e-001
1.833344059578694e-001,9.985499e-001
1.833344220883739e-001,1.001097e+000
1.833344413917110e-001,1.002177e+000
1.833344518762428e-001,1.002119e+000
1.833344614239453e-001,1.001740e+000
1.833344979731317e-001,9.997728e-001
1.833345106180789e-001,9.991863e-001
1.833345253372316e-001,9.986476e-001
1.833345411202181e-001,9.982418e-001
1.833345611911784e-001,9.979398e-001
1.833345870448239e-001,9.977658e-001
1.833346357575439e-001,9.977246e-001
1.833346844702638e-001,9.976634e-001
1.833347331829838e-001,9.975823e-001
1.833347818957037e-001,9.974812e-001
1.833348306084236e-001,9.973601e-001
1.833348793211436e-001,9.972191e-001
1.833349280338635e-001,9.970581e-001
1.833536540068994e-001,9.480023e-001
1.833723799799352e-001,9.004684e-001
1.833911059529710e-001,8.544564e-001
1.834098319260069e-001,8.099663e-001
1.834285578990427e-001,7.669980e-001
1.834472838720786e-001,7.255516e-001
1.834660098451144e-001,6.856271e-001
1.835969950154517e-001,4.356156e-001
1.837625801150953e-001,1.879140e-001
1.839430986139525e-001,-5.194754e-003
1.840921688159463e-001,-1.093777e-001
1.842441892960002e-001,-1.707084e-001
1.844107103149601e-001,-2.014918e-001
1.845903246527675e-001,-2.053795e-001
1.847772562258368e-001,-1.885878e-001
1.849793264776491e-001,-1.577023e-001
1.851896459475925e-001,-1.208746e-001
1.854144534520308e-001,-8.322018e-002
1.856514408983681e-001,-4.901055e-002
1.858065113464122e-001,-3.109600e-002
1.859701810282661e-001,-1.666121e-002
1.861258941792614e-001,-6.541429e-003
1.863114055427005e-001,1.672721e-003
1.864901406993624e-001,6.450470e-003
1.866972759034166e-001,9.051765e-003
1.869003175140455e-001,9.559218e-003
1.871264667421763e-001,8.644903e-003
1.873573523173022e-001,6.965768e-003
1.876201606148195e-001,4.857150e-003
1.879313571937157e-001,2.604812e-003
1.881123375832644e-001,1.550203e-003
1.882597575705982e-001,9.043532e-004
1.884254863250655e-001,3.680404e-004
1.885987383924312e-001,-2.034193e-005
1.887882243981103e-001,-2.805640e-004
1.889842192151572e-001,-4.133391e-004
1.891963373255524e-001,-4.483970e-004
1.894160052824442e-001,-4.123496e-004
1.896537073845589e-001,-3.320680e-004
1.899101148960314e-001,-2.338220e-004
1.904612160381266e-001,-5.952534e-005
1.909284376398026e-001,1.095382e-005
1.912569159430339e-001,1.847644e-005
1.915853942462652e-001,2.335324e-005
1.919138725494965e-001,2.558423e-005
1.922423508527278e-001,2.516941e-005
1.925708291559592e-001,2.210878e-005
1.928993074591905e-001,1.640233e-005
1.932277857624218e-001,8.050066e-006
2.000009999999999e-001,8.114377e-006
2.000010066006914e-001,-8.955524e-005
2.000010094607052e-001,-1.830730e-004
2.000010133033505e-001,-4.063798e-004
2.000010175430348e-001,-8.012136e-004
2.000010224146060e-001,-1.511731e-003
2.000010293726598e-001,-3.072343e-003
2.000010392221133e-001,-6.377656e-003
2.000010518213336e-001,-1.244245e-002
2.000010675244415e-001,-2.267442e-002
2.000010880020307e-001,-3.954782e-002
2.000011176177474e-001,-6.792997e-002
2.000011483457962e-001,-9.957445e-002
2.000011798750098e-001,-1.325282e-001
2.000012137905757e-001,-1.673993e-001
2.000012539753163e-001,-2.079023e-001
2.000019999999999e-001,-9.525294e-001
2.000020122307175e-001,-9.640504e-001
2.000020285383410e-001,-9.777324e-001
2.000020384197158e-001,-9.846816e-001
2.000020505898977e-001,-9.911977e-001
2.000020651084885e-001,-9.966331e-001
2.000020815071305e-001,-1.000241e+000
2.000020991043492e-001,-1.001962e+000
2.000021131108870e-001,-1.002217e+000
2.000021227374892e-001,-1.001962e+000
2.000021446089930e-001,-1.000833e+000
2.000021694885289e-001,-9.994988e-001
2.000021828224133e-001,-9.989285e-001
2.000021978468684e-001,-9.984440e-001
2.000022150517283e-001,-9.980788e-001
2.000022368068335e-001,-9.978396e-001
2.000022692667433e-001,-9.977148e-001
2.000023555736226e-001,-9.976717e-001
2.000155365647407e-001,-9.629599e-001
2.000287175558589e-001,-9.290084e-001
2.000418985469771e-001,-8.958173e-001
2.000550795380952e-001,-8.633865e-001
2.000682605292134e-001,-8.317161e-001
2.000814415203316e-001,-8.008060e-001
2.000946225114497e-001,-7.706563e-001
2.001864330714681e-001,-5.798954e-001
2.003601675995679e-001,-2.841108e-001
2.005199139670891e-001,-8.022970e-002
2.006849486133617e-001,6.149273e-002
2.008530662936708e-001,1.507427e-001
2.010056700508365e-001,1.922152e-001
2.011883811066695e-001,2.077413e-001
2.013337623945017e-001,2.021130e-001
2.014819394510464e-001,1.843552e-001
2.016481347450097e-001,1.575225e-001
2.018264401057368e-001,1.259077e-001
2.020137255368178e-001,9.359971e-002
2.022139564597910e-001,6.288149e-002
2.023978580901180e-001,3.929335e-002
2.025404636552904e-001,2.474843e-002
2.026965569654151e-001,1.260361e-002
2.028641933850926e-001,3.154970e-003
2.030480308688276e-001,-3.657605e-003
2.032362789690548e-001,-7.581304e-003
2.034422871221110e-001,-9.376307e-003
2.036080303734503e-001,-9.484527e-003
2.037592128873054e-001,-8.829569e-003
2.039173090260069e-001,-7.735512e-003
2.040929365177129e-001,-6.320111e-003
2.042756692636788e-001,-4.833032e-003
2.044724742252958e-001,-3.371870e-003
2.046780143874146e-001,-2.073795e-003
2.048265200113248e-001,-1.319387e-003
2.049801966006135e-001,-7.189551e-004
2.051414358768601e-001,-2.539539e-004
2.053221798060209e-001,1.005433e-004
2.055051161313442e-001,3.147007e-004
2.057076346276162e-001,4.242334e-004
2.059138251363237e-001,4.469701e-004
2.060656942601155e-001,4.224796e-004
2.062330283950595e-001,3.706109e-004
2.065948892807142e-001,2.353244e-004
2.070027661546758e-001,1.065003e-004
2.074192185939331e-001,2.648409e-005
2.080249716356594e-001,-1.119836e-005
2.091553540607197e-001,-3.072937e-006
2.102857364857800e-001,3.256693e-006
2.114161189108403e-001,7.790530e-006
2.125465013359006e-001,1.052857e-005
2.136768837609610e-001,1.147083e-005
2.148072661860213e-001,1.061729e-005
2.159376486110816e-001,7.967954e-006
2.166666666666665e-001,7.990941e-006
2.166666724338839e-001,8.100762e-005
2.166666753000335e-001,1.627315e-004
2.166666792446934e-001,3.675071e-004
2.166666834137159e-001,7.235626e-004
2.166666882031081e-001,1.370959e-003
2.166666946880166e-001,2.724460e-003
2.166667039853685e-001,5.647482e-003
2.166667161806685e-001,1.118955e-002
2.166667312241295e-001,2.054291e-002
2.166667507614299e-001,3.600771e-002
2.166667747088586e-001,5.834768e-002
2.166668064968634e-001,9.072611e-002
2.166668380404557e-001,1.236646e-001
2.166668720492083e-001,1.588076e-001
2.166669090345964e-001,1.962414e-001
2.166676666666665e-001,9.523370e-001
2.166676743601222e-001,9.598014e-001
2.166676846180630e-001,9.691035e-001
2.166676961149809e-001,9.783109e-001
2.166677095343087e-001,9.870100e-001
2.166677240010779e-001,9.938877e-001
2.166677390701081e-001,9.985012e-001
2.166677551659084e-001,1.001073e+000
2.166677743892156e-001,1.002175e+000
2.166677849174203e-001,1.002127e+000
2.166677944536409e-001,1.001753e+000
2.166678309963381e-001,9.997882e-001
2.166678436040741e-001,9.992008e-001
2.166678583002473e-001,9.986592e-001
2.166678740092748e-001,9.982510e-001
2.166678939856620e-001,9.979455e-001
2.166679195553283e-001,9.977689e-001
2.166679681325900e-001,9.977270e-001
2.166680167098516e-001,9.976655e-001
2.166680652871133e-001,9.975843e-001
2.166681138643750e-001,9.974834e-001
2.166681624416366e-001,9.973629e-001
2.166682110188983e-001,9.972227e-001
2.166682595961600e-001,9.970628e-001
2.166867467015421e-001,9.486222e-001
2.167052338069243e-001,9.016656e-001
2.167237209123065e-001,8.561930e-001
2.167422080176887e-001,8.122045e-001
2.167606951230709e-001,7.696999e-001
2.167791822284530e-001,7.286794e-001
2.167976693338352e-001,6.891429e-001
2.169269866127579e-001,4.413953e-001
2.170929018435456e-001,1.917818e-001
2.172725724132630e-001,-1.935270e-003
2.174223399586139e-001,-1.075729e-001
2.175750523980312e-001,-1.699572e-001
2.177409784642350e-001,-2.011987e-001
2.179207322825850e-001,-2.054975e-001
2.181072022218584e-001,-1.890225e-001
2.183093471837165e-001,-1.582624e-001
2.185192465195348e-001,-1.215308e-001
2.187440519749913e-001,-8.380453e-002
2.189805612542537e-001,-4.954244e-002
2.191365150109047e-001,-3.144467e-002
2.193012996774454e-001,-1.683330e-002
2.194563033550370e-001,-6.702255e-003
2.196421162831320e-001,1.580542e-003
2.198202766628729e-001,6.387943e-003
2.200276529320678e-001,9.030762e-003
2.202301786822364e-001,9.562515e-003
2.204572473869819e-001,8.659778e-003
2.206872286752801e-001,6.993776e-003
2.209501185750276e-001,4.882789e-003
2.212590788517244e-001,2.639761e-003
2.214416599783358e-001,1.570144e-003
2.215884368119452e-001,9.222212e-004
2.217541460055179e-001,3.810984e-004
2.219267056397966e-001,-1.034311e-005
2.221163406135929e-001,-2.750114e-004
2.223115745594625e-001,-4.106903e-004
2.225237448377535e-001,-4.483098e-004
2.227427078034404e-001,-4.139998e-004
2.229802447603807e-001,-3.345314e-004
2.232354953858007e-001,-2.367288e-004
2.237875662516823e-001,-6.117960e-005
2.242559782170809e-001,1.044930e-005
2.245837466576402e-001,1.825012e-005
2.249115150981995e-001,2.333884e-005
2.252392835387588e-001,2.571546e-005
2.255670519793181e-001,2.537996e-005
2.258948204198775e-001,2.233237e-005
2.262225888604368e-001,1.657266e-005
2.265503573009961e-001,8.100856e-006
2.333343333333332e-001,8.116755e-006
2.333343399340246e-001,-8.955172e-005
2.333343427940362e-001,-1.830690e-004
2.333343466366810e-001,-4.063754e-004
2.333343508763659e-001,-8.012085e-004
2.333343557479204e-001,-1.511723e-003
2.333343627059673e-001,-3.072331e-003
2.333343725553994e-001,-6.377632e-003
2.333343851546231e-001,-1.244242e-002
2.333344008577093e-001,-2.267436e-002
2.333344213352931e-001,-3.954775e-002
2.333344509509926e-001,-6.792988e-002
2.333344816790260e-001,-9.957434e-002
2.333345132082153e-001,-1.325280e-001
2.333345471237810e-001,-1.673992e-001
2.333345873084751e-001,-2.079021e-001
2.333353333333332e-001,-9.525294e-001
2.333353455640741e-001,-9.640504e-001
2.333353618717287e-001,-9.777324e-001
2.333353717530980e-001,-9.846816e-001
2.333353839232760e-001,-9.911977e-001
2.333353984418666e-001,-9.966331e-001
2.333354148405177e-001,-1.000241e+000
2.333354324377478e-001,-1.001962e+000
2.333354464442395e-001,-1.002217e+000
2.333354560708457e-001,-1.001962e+000
2.333354779423588e-001,-1.000833e+000
2.333355028218979e-001,-9.994988e-001
2.333355161557859e-001,-9.989285e-001
2.333355311802452e-001,-9.984440e-001
2.333355483851145e-001,-9.980788e-001
2.333355701402352e-001,-9.978396e-001
2.333356026002042e-001,-9.977148e-001
2.333356889072191e-001,-9.976717e-001
2.333488698710106e-001,-9.629600e-001
2.333620508348022e-001,-9.290086e-001
2.333752317985937e-001,-8.958175e-001
2.333884127623852e-001,-8.633868e-001
2.334015937261767e-001,-8.317165e-001
2.334147746899682e-001,-8.008064e-001
2.334279556537597e-001,-7.706568e-001
2.335197660099664e-001,-5.798962e-001
2.336935005871411e-001,-2.841113e-001
2.338532468416071e-001,-8.023018e-002
2.340182815946724e-001,6.149247e-002
2.341863993822321e-001,1.507426e-001
2.343390030691899e-001,1.922152e-001
2.345217141475182e-001,2.077413e-001
2.346670955132161e-001,2.021131e-001
2.348152726392213e-001,1.843552e-001
2.349814678806796e-001,1.575226e-001
2.351597732601660e-001,1.259077e-001
2.353470586496287e-001,9.359974e-002
2.355472895888014e-001,6.288151e-002
2.357311912957161e-001,3.929337e-002
2.358737968366735e-001,2.474845e-002
2.360298901407442e-001,1.260362e-002
2.361975265355903e-001,3.154978e-003
2.363813640225647e-001,-3.657600e-003
2.365696120971253e-001,-7.581301e-003
2.367756202522315e-001,-9.376307e-003
2.369413635268617e-001,-9.484527e-003
2.370925459988938e-001,-8.829570e-003
2.372506421278938e-001,-7.735514e-003
2.374262695915461e-001,-6.320113e-003
2.376090023402125e-001,-4.833034e-003
2.378058072694970e-001,-3.371872e-003
2.380113474302893e-001,-2.073797e-003
2.381598531148172e-001,-1.319388e-003
2.383135297727276e-001,-7.189557e-004
2.384747689972561e-001,-2.539544e-004
2.386555129459882e-001,1.005430e-004
2.388384492302853e-001,3.147005e-004
2.390409677422664e-001,4.242333e-004
2.392471582146788e-001,4.469701e-004
2.393990272769230e-001,4.224797e-004
2.395663613849874e-001,3.706111e-004
2.399282222373266e-001,2.353245e-004
2.403360990616142e-001,1.065005e-004
2.407525515546864e-001,2.648414e-005
2.413583044589721e-001,-1.119835e-005
2.424886868478295e-001,-3.072934e-006
2.436190692366868e-001,3.256693e-006
2.447494516255441e-001,7.790529e-006
2.458798340144014e-001,1.052857e-005
2.470102164032588e-001,1.147082e-005
2.481405987921161e-001,1.061729e-005
2.492709811809734e-001,7.967954e-006
2.499999999999998e-001,7.921398e-006
2.500000058868285e-001,8.408708e-005
2.500000087319419e-001,1.666465e-004
2.500000126530361e-001,3.729935e-004
2.500000168318968e-001,7.333087e-004
2.500000216247382e-001,1.386554e-003
2.500000281684571e-001,2.763036e-003
2.500000375182849e-001,5.723588e-003
2.500000497627856e-001,1.132324e-002
2.500000648677632e-001,2.076321e-002
2.500000845092045e-001,3.636855e-002
2.500001085365831e-001,5.883347e-002
2.500001404172856e-001,9.133725e-002
2.500001721224705e-001,1.244453e-001
2.500002060806119e-001,1.595212e-001
2.500002433039509e-001,1.971811e-001
2.500009999999998e-001,9.523369e-001
2.500010076787653e-001,9.597877e-001
2.500010179171192e-001,9.690740e-001
2.500010294216190e-001,9.782906e-001
2.500010428471976e-001,9.869981e-001
2.500010573130542e-001,9.938796e-001
2.500010723786708e-001,9.984958e-001
2.500010884705737e-001,1.001070e+000
2.500011076851424e-001,1.002175e+000
2.500011182180407e-001,1.002128e+000
2.500011277528828e-001,1.001755e+000
2.500011642948918e-001,9.997899e-001
2.500011768984530e-001,9.992024e-001
2.500011915920459e-001,9.986605e-001
2.500012072928020e-001,9.982520e-001
2.500012272586634e-001,9.979461e-001
2.500012527969863e-001,9.977693e-001
2.500013013607821e-001,9.977273e-001
2.500013499245780e-001,9.976657e-001
2.500013984883738e-001,9.975845e-001
2.500014470521695e-001,9.974836e-001
2.500014956159654e-001,9.973631e-001
2.500015441797612e-001,9.972230e-001
2.500015927435570e-001,9.970633e-001
2.500200555811541e-001,9.486852e-001
2.500385184187511e-001,9.017873e-001
2.500569812563482e-001,8.563695e-001
2.500754440939453e-001,8.124320e-001
2.500939069315424e-001,7.699747e-001
2.501123697691394e-001,7.289977e-001
2.501308326067365e-001,6.895008e-001
2.502599804700563e-001,4.419843e-001
2.504259292844354e-001,1.921760e-001
2.506055135507816e-001,-1.602254e-003
2.507553521110301e-001,-1.073885e-001
2.509081350396625e-001,-1.698805e-001
2.510740006886398e-001,-2.011685e-001
2.512537686782605e-001,-2.055092e-001
2.514401917949598e-001,-1.890664e-001
2.516423443346209e-001,-1.583191e-001
2.518522010680282e-001,-1.215974e-001
2.520770063474492e-001,-8.386393e-002
2.523134672715825e-001,-4.959654e-002
2.524695107071235e-001,-3.148013e-002
2.526344090887790e-001,-1.685073e-002
2.527893408976156e-001,-6.718576e-003
2.529751845909799e-001,1.571195e-003
2.531532867621479e-001,6.381585e-003
2.533606876460855e-001,9.028621e-003
2.535631611358749e-001,9.562830e-003
2.537903233649943e-001,8.661275e-003
2.540202133082180e-001,6.996601e-003
2.542831121064177e-001,4.885375e-003
2.545918492345423e-001,2.643280e-003
2.547745924278944e-001,1.572143e-003
2.549213051275337e-001,9.240138e-004
2.550870119616737e-001,3.824104e-004
2.552595024821484e-001,-9.336688e-006
2.554491520672826e-001,-2.744513e-004
2.556443100885412e-001,-4.104210e-004
2.558564855329180e-001,-4.482986e-004
2.560753782554163e-001,-4.141632e-004
2.563128989306942e-001,-3.347772e-004
2.565680351021996e-001,-2.370196e-004
2.571202169492871e-001,-6.134243e-005
2.575887484279207e-001,1.039995e-005
2.579164481308225e-001,1.822793e-005
2.582441478337243e-001,2.333734e-005
2.585718475366261e-001,2.572818e-005
2.588995472395280e-001,2.540045e-005
2.592272469424298e-001,2.235416e-005
2.595549466453316e-001,1.658929e-005
2.598826463482334e-001,8.105850e-006
2.666676666666665e-001,8.116988e-006
2.666676732673579e-001,-8.955136e-005
2.666676761273693e-001,-1.830686e-004
2.666676799700141e-001,-4.063749e-004
2.666676842096990e-001,-8.012080e-004
2.666676890812517e-001,-1.511722e-003
2.666676960392979e-001,-3.072330e-003
2.666677058887277e-001,-6.377629e-003
2.666677184879517e-001,-1.244242e-002
2.666677341910356e-001,-2.267436e-002
2.666677546686188e-001,-3.954775e-002
2.666677842843164e-001,-6.792987e-002
2.666678150123481e-001,-9.957433e-002
2.666678465415349e-001,-1.325280e-001
2.666678804571004e-001,-1.673992e-001
2.666679206417899e-001,-2.079021e-001
2.666686666666665e-001,-9.525294e-001
2.666686788974161e-001,-9.640504e-001
2.666686952050824e-001,-9.777324e-001
2.666687050864495e-001,-9.846816e-001
2.666687172566262e-001,-9.911977e-001
2.666687317752167e-001,-9.966331e-001
2.666687481738711e-001,-1.000241e+000
2.666687657711056e-001,-1.001962e+000
2.666687797775801e-001,-1.002217e+000
2.666687894041877e-001,-1.001962e+000
2.666688112757043e-001,-1.000833e+000
2.666688361552447e-001,-9.994988e-001
2.666688494891339e-001,-9.989285e-001
2.666688645135948e-001,-9.984440e-001
2.666688817184676e-001,-9.980788e-001
2.666689034735940e-001,-9.978396e-001
2.666689359335852e-001,-9.977148e-001
2.666690222406508e-001,-9.976717e-001
2.666822031942228e-001,-9.629600e-001
2.666953841477947e-001,-9.290086e-001
2.667085651013667e-001,-8.958176e-001
2.667217460549386e-001,-8.633869e-001
2.667349270085105e-001,-8.317165e-001
2.667481079620825e-001,-8.008065e-001
2.667612889156544e-001,-7.706569e-001
2.668530991956438e-001,-5.798965e-001
2.670268337911689e-001,-2.841115e-001
2.671865800033569e-001,-8.023036e-002
2.673516147963574e-001,6.149237e-002
2.675197326240238e-001,1.507426e-001
2.676723362847244e-001,1.922152e-001
2.678550473714681e-001,2.077413e-001
2.680004287662870e-001,2.021131e-001
2.681486059182696e-001,1.843552e-001
2.683148011400918e-001,1.575226e-001
2.684931065265940e-001,1.259077e-001
2.686803919004922e-001,9.359976e-002
2.688806228457234e-001,6.288153e-002
2.690645245812801e-001,3.929337e-002
2.692071301131818e-001,2.474845e-002
2.693632234149885e-001,1.260362e-002
2.695308598005483e-001,3.154981e-003
2.697146972887342e-001,-3.657598e-003
2.699029453536960e-001,-7.581300e-003
2.701089535095689e-001,-9.376307e-003
2.702746967929130e-001,-9.484528e-003
2.704258792493063e-001,-8.829571e-003
2.705839753746794e-001,-7.735515e-003
2.707596028278407e-001,-6.320114e-003
2.709423355775165e-001,-4.833035e-003
2.711391404947104e-001,-3.371873e-003
2.713446806550060e-001,-2.073797e-003
2.714931863622017e-001,-1.319388e-003
2.716468630457730e-001,-7.189559e-004
2.718081022509617e-001,-2.539546e-004
2.719888462070126e-001,1.005429e-004
2.721717824759681e-001,3.147004e-004
2.723743009938233e-001,4.242333e-004
2.725804914526632e-001,4.469701e-004
2.727323604918864e-001,4.224798e-004
2.728996945898948e-001,3.706111e-004
2.732615554297741e-001,2.353246e-004
2.736694322354960e-001,1.065005e-004
2.740858847487136e-001,2.648415e-005
2.746916376015967e-001,-1.119835e-005
2.758220199769398e-001,-3.072933e-006
2.769524023522829e-001,3.256693e-006
2.780827847276260e-001,7.790528e-006
2.792131671029691e-001,1.052857e-005
2.803435494783123e-001,1.147082e-005
2.814739318536554e-001,1.061728e-005
2.826043142289985e-001,7.967953e-006
2.833333333333331e-001,7.920623e-006
2.833333389384941e-001,7.684334e-005
2.833333418344137e-001,1.593693e-004
2.833333461586160e-001,3.842488e-004
2.833333501365110e-001,7.285794e-004
2.833333551384683e-001,1.413876e-003
2.833333614877932e-001,2.757691e-003
2.833333711225764e-001,5.823705e-003
2.833333831480888e-001,1.134844e-002
2.833333985718974e-001,2.102631e-002
2.833334180005341e-001,3.649726e-002
2.833334422061502e-001,5.916593e-002
2.833334739437520e-001,9.153734e-002
2.833335056385402e-001,1.246370e-001
2.833335395672770e-001,1.596778e-001
2.833335768969278e-001,1.974412e-001
2.833343333333331e-001,9.523368e-001
2.833343410074943e-001,9.597834e-001
2.833343512397092e-001,9.690647e-001
2.833343627465909e-001,9.782842e-001
2.833343761741340e-001,9.869944e-001
2.833343906397037e-001,9.938771e-001
2.833344057042522e-001,9.984941e-001
2.833344217949351e-001,1.001069e+000
2.833344410067789e-001,1.002175e+000
2.833344515411376e-001,1.002128e+000
2.833344610755446e-001,1.001755e+000
2.833344976173392e-001,9.997904e-001
2.833345102195941e-001,9.992030e-001
2.833345249123784e-001,9.986609e-001
2.833345406105468e-001,9.982524e-001
2.833345605731161e-001,9.979463e-001
2.833345861016496e-001,9.977694e-001
2.833346346612959e-001,9.977274e-001
2.833346832209424e-001,9.976658e-001
2.833347317805887e-001,9.975846e-001
2.833347803402351e-001,9.974837e-001
2.833348288998815e-001,9.973633e-001
2.833348774595279e-001,9.972232e-001
2.833349260191743e-001,9.970635e-001
2.833533813554661e-001,9.487047e-001
2.833718366917580e-001,9.018249e-001
2.833902920280499e-001,8.564241e-001
2.834087473643417e-001,8.125024e-001
2.834272027006336e-001,7.700597e-001
2.834456580369255e-001,7.290961e-001
2.834641133732174e-001,6.896114e-001
2.835932088706153e-001,4.421664e-001
2.837591680674116e-001,1.922979e-001
2.839387256510682e-001,-1.499246e-003
2.840885861687717e-001,-1.073315e-001
2.842413908931619e-001,-1.698568e-001
2.844072378678382e-001,-2.011592e-001
2.845870102378800e-001,-2.055128e-001
2.847734188843707e-001,-1.890800e-001
2.849755737658552e-001,-1.583367e-001
2.851854173337073e-001,-1.216180e-001
2.854102225598058e-001,-8.388229e-002
2.856466685455517e-001,-4.961326e-002
2.858027396989539e-001,-3.149110e-002
2.859676732471541e-001,-1.685612e-002
2.861225828487410e-001,-6.723620e-003
2.863084360567142e-001,1.568306e-003
2.864865202421473e-001,6.379620e-003
2.866939287393630e-001,9.027959e-003
2.868963860806511e-001,9.562927e-003
2.871235772217508e-001,8.661737e-003
2.873534389497033e-001,6.997474e-003
2.876163405206094e-001,4.886174e-003
2.879250088205865e-001,2.644366e-003
2.881078020893615e-001,1.572760e-003
2.882544950093164e-001,9.245671e-004
2.884202011007284e-001,3.828154e-004
2.885926703030367e-001,-9.025947e-006
2.887823243855217e-001,-2.742783e-004
2.889774589885884e-001,-4.103378e-004
2.891896360249404e-001,-4.482950e-004
2.894085070854823e-001,-4.142136e-004
2.896460227460545e-001,-3.348531e-004
2.899011236511240e-001,-2.371094e-004
2.904533402498863e-001,-6.139258e-005
2.909219086180573e-001,1.038476e-005
2.912495871955693e-001,1.822110e-005
2.915772657730814e-001,2.333687e-005
2.919049443505934e-001,2.573209e-005
2.922326229281055e-001,2.540675e-005
2.925603015056175e-001,2.236086e-005
2.928879800831296e-001,1.659440e-005
2.932156586606416e-001,8.107388e-006
3.000009999999998e-001,8.117055e-006
3.000010066006912e-001,-8.955125e-005
3.000010094607025e-001,-1.830684e-004
3.000010133033473e-001,-4.063747e-004
3.000010175430322e-001,-8.012079e-004
3.000010224145844e-001,-1.511722e-003
3.000010293726304e-001,-3.072329e-003
3.000010392220596e-001,-6.377629e-003
3.000010518212837e-001,-1.244242e-002
3.000010675243669e-001,-2.267436e-002
3.000010880019500e-001,-3.954775e-002
3.000011176176472e-001,-6.792986e-002
3.000011483456785e-001,-9.957433e-002
3.000011798748646e-001,-1.325280e-001
3.000012137904302e-001,-1.673992e-001
3.000012539751180e-001,-2.079020e-001
3.000019999999998e-001,-9.525294e-001
3.000020122307489e-001,-9.640504e-001
3.000020285384143e-001,-9.777324e-001
3.000020384197817e-001,-9.846816e-001
3.000020505899584e-001,-9.911977e-001
3.000020651085489e-001,-9.966331e-001
3.000020815072031e-001,-1.000241e+000
3.000020991044373e-001,-1.001962e+000
3.000021131109129e-001,-1.002217e+000
3.000021227375205e-001,-1.001962e+000
3.000021446090369e-001,-1.000833e+000
3.000021694885772e-001,-9.994988e-001
3.000021828224663e-001,-9.989285e-001
3.000021978469272e-001,-9.984440e-001
3.000022150517997e-001,-9.980788e-001
3.000022368069257e-001,-9.978396e-001
3.000022692669155e-001,-9.977148e-001
3.000023555739779e-001,-9.976717e-001
3.000155365282073e-001,-9.629600e-001
3.000287174824368e-001,-9.290086e-001
3.000418984366662e-001,-8.958176e-001
3.000550793908956e-001,-8.633869e-001
3.000682603451250e-001,-8.317165e-001
3.000814412993545e-001,-8.008065e-001
3.000946222535839e-001,-7.706569e-001
3.001864325384748e-001,-5.798965e-001
3.003601671328205e-001,-2.841115e-001
3.005199133477274e-001,-8.023035e-002
3.006849481381601e-001,6.149238e-002
3.008530659632479e-001,1.507426e-001
3.010056696256372e-001,1.922152e-001
3.011883807118414e-001,2.077413e-001
3.013337621047867e-001,2.021131e-001
3.014819392550979e-001,1.843552e-001
3.016481344781838e-001,1.575226e-001
3.018264398642346e-001,1.259077e-001
3.020137252391344e-001,9.359976e-002
3.022139561839759e-001,6.288153e-002
3.023978579176888e-001,3.929337e-002
3.025404634501734e-001,2.474845e-002
3.026965567521259e-001,1.260362e-002
3.028641931382836e-001,3.154981e-003
3.030480306263915e-001,-3.657598e-003
3.032362786919713e-001,-7.581300e-003
3.034422868477948e-001,-9.376307e-003
3.036080301305661e-001,-9.484528e-003
3.037592125879629e-001,-8.829571e-003
3.039173087135676e-001,-7.735515e-003
3.040929361674039e-001,-6.320114e-003
3.042756689170132e-001,-4.833035e-003
3.044724738349847e-001,-3.371873e-003
3.046780139953111e-001,-2.073797e-003
3.048265197010518e-001,-1.319388e-003
3.049801963829759e-001,-7.189559e-004
3.051414355894060e-001,-2.539546e-004
3.053221795449870e-001,1.005429e-004
3.055051158149275e-001,3.147004e-004
3.057076343324055e-001,4.242333e-004
3.059138247921163e-001,4.469701e-004
3.060656938328231e-001,4.224798e-004
3.062330279314813e-001,3.706111e-004
3.065948887721560e-001,2.353246e-004
3.070027655790732e-001,1.065005e-004
3.074192180909625e-001,2.648415e-005
3.080249709471480e-001,-1.119835e-005
3.091553533233474e-001,-3.072933e-006
3.102857356995468e-001,3.256693e-006
3.114161180757462e-001,7.790528e-006
3.125465004519455e-001,1.052857e-005
3.136768828281449e-001,1.147082e-005
3.148072652043443e-001,1.061728e-005
3.159376475805437e-001,7.967953e-006
3.166666666666664e-001,7.920657e-006
3.166666722118136e-001,7.536629e-005
3.166666751191437e-001,1.573108e-004
3.166666794203205e-001,3.790380e-004
3.166666834109194e-001,7.219511e-004
3.166666883886972e-001,1.399495e-003
3.166666947152582e-001,2.730079e-003
3.166667042818266e-001,5.757073e-003
3.166667162936305e-001,1.124764e-002
3.166667316389339e-001,2.083633e-002
3.166667510128902e-001,3.621829e-002
3.166667751409496e-001,5.877366e-002
3.166668068247509e-001,9.106649e-002
3.166668384033745e-001,1.240441e-001
3.166668723702181e-001,1.591357e-001
3.166669095135719e-001,1.967219e-001
3.166676666666664e-001,9.523369e-001
3.166676743520406e-001,9.597939e-001
3.166676845992061e-001,9.690872e-001
3.166676961002921e-001,9.782997e-001
3.166677095230558e-001,9.870034e-001
3.166677239893238e-001,9.938833e-001
3.166677390564753e-001,9.984982e-001
3.166677551501312e-001,1.001071e+000
3.166677743686250e-001,1.002175e+000
3.166677848994173e-001,1.002127e+000
3.166677944348819e-001,1.001754e+000
3.166678309771985e-001,9.997891e-001
3.166678435826381e-001,9.992017e-001
3.166678582773903e-001,9.986599e-001
3.166678739818663e-001,9.982516e-001
3.166678939524584e-001,9.979458e-001
3.166679195048666e-001,9.977691e-001
3.166679680746744e-001,9.977272e-001
3.166680166444822e-001,9.976656e-001
3.166680652142900e-001,9.975844e-001
3.166681137840978e-001,9.974835e-001
3.166681623539056e-001,9.973630e-001
3.166682109237134e-001,9.972229e-001
3.166682594935212e-001,9.970631e-001
3.166867331830235e-001,9.486570e-001
3.167052068725257e-001,9.017329e-001
3.167236805620279e-001,8.562906e-001
3.167421542515302e-001,8.123303e-001
3.167606279410324e-001,7.698519e-001
3.167791016305346e-001,7.288554e-001
3.167975753200369e-001,6.893408e-001
3.169267989406055e-001,4.417208e-001
3.170927327363062e-001,1.919997e-001
3.172723555987633e-001,-1.751213e-003
3.174221623990505e-001,-1.074710e-001
3.175749138023183e-001,-1.699148e-001
3.177408064676068e-001,-2.011821e-001
3.179205681201832e-001,-2.055040e-001
3.181070121728774e-001,-1.890468e-001
3.183091613242322e-001,-1.582938e-001
3.185190371063440e-001,-1.215676e-001
3.187438424638022e-001,-8.383737e-002
3.189803250057876e-001,-4.957234e-002
3.191363283409746e-001,-3.146427e-002
3.193011758624069e-001,-1.684294e-002
3.194561398041141e-001,-6.711279e-003
3.196419697371560e-001,1.575374e-003
3.198200979333201e-001,6.384429e-003
3.200274878073752e-001,9.029578e-003
3.202299846631477e-001,9.562690e-003
3.204571050656430e-001,8.660605e-003
3.206870358450886e-001,6.995338e-003
3.209499306493887e-001,4.884219e-003
3.212587674734826e-001,2.641707e-003
3.214414382086015e-001,1.571249e-003
3.215881795596547e-001,9.232127e-004
3.217538874572092e-001,3.818240e-004
3.219264088553756e-001,-9.786515e-006
3.221160519185792e-001,-2.747017e-004
3.223112438599307e-001,-4.105414e-004
3.225234169972905e-001,-4.483036e-004
3.227423410992969e-001,-4.140903e-004
3.229798690442626e-001,-3.346674e-004
3.232350563274020e-001,-2.368897e-004
3.237871882736051e-001,-6.126974e-005
3.242556663418494e-001,1.042197e-005
3.245833967074940e-001,1.823784e-005
3.249111270731387e-001,2.333801e-005
3.252388574387834e-001,2.572250e-005
3.255665878044280e-001,2.539131e-005
3.258943181700727e-001,2.234443e-005
3.262220485357174e-001,1.658187e-005
3.265497789013621e-001,8.103621e-006
3.275263414013620e-001,7.065967e-006
3.333323333333328e-001,7.968325e-006
3.333333333333330e-001,7.969671e-006
