time,V(n003)
0.000000000000000e+000,-1.597199e-001
5.999999999999062e-007,-1.596210e-001
1.000000000000133e-006,-1.595570e-001
1.000880545055406e-006,-1.595592e-001
1.009426530103504e-006,-1.597398e-001
1.014878734511941e-006,-1.601049e-001
1.020536468754850e-006,-1.608001e-001
1.028981457440632e-006,-1.625393e-001
1.038222741701032e-006,-1.655149e-001
1.051005741575795e-006,-1.715075e-001
1.065708479854391e-006,-1.808815e-001
1.086392784166272e-006,-1.976814e-001
1.115109917727147e-006,-2.248921e-001
1.140619001983520e-006,-2.510419e-001
1.168778568635953e-006,-2.805397e-001
1.202957931811625e-006,-3.158864e-001
1.240348241442202e-006,-3.537680e-001
2.000000000000266e-006,-1.111951e+000
2.007685533413940e-006,-1.119408e+000
2.017932911298551e-006,-1.128699e+000
2.029397324116930e-006,-1.137876e+000
2.042772963465646e-006,-1.146538e+000
2.057203888845664e-006,-1.153386e+000
2.072219047789120e-006,-1.157966e+000
2.088247180861633e-006,-1.160509e+000
2.107338680053077e-006,-1.161582e+000
2.127354959842974e-006,-1.161139e+000
2.152612545423543e-006,-1.159749e+000
2.177870131004112e-006,-1.158627e+000
2.203127716584681e-006,-1.157775e+000
2.228385302165250e-006,-1.157191e+000
2.253642887745819e-006,-1.156877e+000
2.278900473326387e-006,-1.156831e+000
2.304158058906956e-006,-1.157054e+000
1.121317242756169e-005,-1.132135e+000
2.012218679621642e-005,-1.107493e+000
2.903120116487115e-005,-1.083128e+000
3.794021553352588e-005,-1.059040e+000
4.684922990218061e-005,-1.035228e+000
5.575824427083535e-005,-1.011694e+000
6.466725863949006e-005,-9.884366e-001
1.021021544728232e-004,-8.931947e-001
1.395370503061563e-004,-8.025646e-001
1.769719461394894e-004,-7.167265e-001
2.144068419728225e-004,-6.356336e-001
2.518417378061556e-004,-5.592204e-001
2.892766336394887e-004,-4.874058e-001
3.267115294728219e-004,-4.200943e-001
3.641464253061550e-004,-3.571783e-001
4.015813211394881e-004,-2.985393e-001
4.390162169728212e-004,-2.440498e-001
4.764511128061543e-004,-1.935749e-001
5.138860086394874e-004,-1.469730e-001
5.513209044728205e-004,-1.040979e-001
5.887558003061537e-004,-6.479949e-002
6.261906961394868e-004,-2.892483e-002
6.636255919728199e-004,3.680685e-003
7.010604878061530e-004,3.317255e-002
7.384953836394861e-004,5.970627e-002
7.759302794728192e-004,8.343668e-002
8.133651753061523e-004,1.045172e-001
8.508000711394854e-004,1.230992e-001
8.882349669728186e-004,1.393318e-001
9.256698628061517e-004,1.533608e-001
9.631047586394848e-004,1.653289e-001
1.000539654472818e-003,1.753748e-001
1.037974550306151e-003,1.836334e-001
1.075409446139484e-003,1.902352e-001
1.112844341972817e-003,1.953060e-001
1.150279237806150e-003,1.989672e-001
1.187714133639484e-003,2.013352e-001
1.225149029472817e-003,2.025217e-001
1.262583925306150e-003,2.026330e-001
1.300018821139483e-003,2.017709e-001
1.337453716972816e-003,2.000318e-001
1.374888612806149e-003,1.975072e-001
1.412323508639482e-003,1.942839e-001
1.449758404472815e-003,1.904434e-001
1.487193300306148e-003,1.860625e-001
1.524628196139482e-003,1.812136e-001
1.562063091972815e-003,1.759639e-001
1.599497987806148e-003,1.703897e-001
1.609093513357649e-003,1.689238e-001
1.618689038909151e-003,1.674389e-001
1.628284564460653e-003,1.659350e-001
1.637880090012155e-003,1.644120e-001
1.647475615563657e-003,1.628699e-001
1.657071141115158e-003,1.613088e-001
1.666666666666660e-003,1.597287e-001
1.666673894643402e-003,1.598315e-001
1.666677492831508e-003,1.599881e-001
1.666683523787550e-003,1.604860e-001
1.666689655573159e-003,1.613913e-001
1.666698786875387e-003,1.635965e-001
1.666708701509730e-003,1.672485e-001
1.666722514337415e-003,1.744877e-001
1.666738471371628e-003,1.856033e-001
1.666761617310148e-003,2.056845e-001
1.666797357287335e-003,2.409508e-001
1.666859131588858e-003,3.052212e-001
1.666893415053929e-003,3.401853e-001
1.666940092667444e-003,3.869760e-001
1.667666666666660e-003,1.111872e+000
1.667674705764284e-003,1.119657e+000
1.667685424561116e-003,1.129328e+000
1.667696752458344e-003,1.138324e+000
1.667710034561297e-003,1.146830e+000
1.667724523808480e-003,1.153618e+000
1.667739678794115e-003,1.158167e+000
1.667755871905184e-003,1.160673e+000
1.667775324862861e-003,1.161714e+000
1.667807457631551e-003,1.160610e+000
1.667831254017724e-003,1.159418e+000
1.667855050403896e-003,1.158461e+000
1.667878846790069e-003,1.157742e+000
1.667902643176241e-003,1.157258e+000
1.667926439562414e-003,1.157011e+000
1.667950235948587e-003,1.157001e+000
1.667974032334759e-003,1.157226e+000
1.677687162483567e-003,1.130078e+000
1.687400292632374e-003,1.103256e+000
1.697113422781182e-003,1.076762e+000
1.706826552929990e-003,1.050596e+000
1.716539683078797e-003,1.024756e+000
1.726252813227605e-003,9.992447e-001
1.735965943376413e-003,9.740604e-001
1.773400839209746e-003,8.794664e-001
1.810835735043079e-003,7.895697e-001
1.848270630876412e-003,7.044573e-001
1.885705526709745e-003,6.240793e-001
1.923140422543078e-003,5.483683e-001
1.960575318376411e-003,4.772408e-001
1.998010214209744e-003,4.105996e-001
2.035445110043077e-003,3.483353e-001
2.072880005876411e-003,2.903283e-001
2.110314901709744e-003,2.364499e-001
2.147749797543077e-003,1.865642e-001
2.185184693376410e-003,1.405290e-001
2.222619589209743e-003,9.819749e-002
2.260054485043076e-003,5.941913e-002
2.297489380876409e-003,2.404080e-002
2.334924276709742e-003,-8.092235e-003
2.372359172543075e-003,-3.713544e-002
2.409794068376409e-003,-6.324421e-002
2.447228964209742e-003,-8.657312e-002
2.484663860043075e-003,-1.072753e-001
2.522098755876408e-003,-1.255017e-001
2.559533651709741e-003,-1.414010e-001
2.596968547543074e-003,-1.551184e-001
2.634403443376407e-003,-1.667960e-001
2.671838339209740e-003,-1.765721e-001
2.709273235043073e-003,-1.845807e-001
2.746708130876407e-003,-1.909515e-001
2.784143026709740e-003,-1.958099e-001
2.821577922543073e-003,-1.992764e-001
2.859012818376407e-003,-2.014666e-001
2.896447714209741e-003,-2.024915e-001
2.933882610043075e-003,-2.024566e-001
2.971317505876409e-003,-2.014630e-001
3.008752401709743e-003,-1.996062e-001
3.046187297543077e-003,-1.969771e-001
3.083622193376411e-003,-1.936616e-001
3.121057089209745e-003,-1.897405e-001
3.158491985043079e-003,-1.852901e-001
3.195926880876413e-003,-1.803817e-001
3.233361776709747e-003,-1.750821e-001
3.270796672543081e-003,-1.694727e-001
3.279873338370259e-003,-1.680768e-001
3.288950004197438e-003,-1.666641e-001
3.298026670024616e-003,-1.652347e-001
3.307103335851795e-003,-1.637886e-001
3.316180001678974e-003,-1.623257e-001
3.325256667506152e-003,-1.608460e-001
3.334333333333331e-003,-1.593496e-001
3.334340559862905e-003,-1.594524e-001
3.334344156761323e-003,-1.596090e-001
3.334350186143001e-003,-1.601072e-001
3.334356332028852e-003,-1.610156e-001
3.334365466450090e-003,-1.632246e-001
3.334375393869843e-003,-1.668866e-001
3.334389208929989e-003,-1.741369e-001
3.334405181947148e-003,-1.852775e-001
3.334428339252301e-003,-2.053889e-001
3.334464158673392e-003,-2.407604e-001
3.334526047955168e-003,-3.051691e-001
3.334560329181383e-003,-3.401327e-001
3.334607114614726e-003,-3.870366e-001
3.335333333333330e-003,-1.111744e+000
3.335341376746037e-003,-1.119534e+000
3.335352101296312e-003,-1.129207e+000
3.335363388012816e-003,-1.138165e+000
3.335376618085796e-003,-1.146626e+000
3.335391069096656e-003,-1.153380e+000
3.335406168666314e-003,-1.157894e+000
3.335422291771531e-003,-1.160369e+000
3.335441608392492e-003,-1.161380e+000
3.335473610511943e-003,-1.160248e+000
3.335497232880728e-003,-1.159048e+000
3.335520855249513e-003,-1.158086e+000
3.335544477618299e-003,-1.157362e+000
3.335568099987085e-003,-1.156876e+000
3.335591722355870e-003,-1.156629e+000
3.335615344724656e-003,-1.156620e+000
3.335638967093441e-003,-1.156849e+000
3.344860741480903e-003,-1.131062e+000
3.354082515868365e-003,-1.105572e+000
3.363304290255827e-003,-1.080379e+000
3.372526064643290e-003,-1.055481e+000
3.381747839030752e-003,-1.030881e+000
3.390969613418214e-003,-1.006576e+000
3.400191387805676e-003,-9.825684e-001
3.437626283639010e-003,-8.875856e-001
3.475061179472344e-003,-7.972482e-001
3.512496075305678e-003,-7.117006e-001
3.549930971139012e-003,-6.308941e-001
3.587365866972346e-003,-5.547628e-001
3.624800762805680e-003,-4.832246e-001
3.662235658639014e-003,-4.161831e-001
3.699670554472348e-003,-3.535299e-001
3.737105450305682e-003,-2.951462e-001
3.774540346139016e-003,-2.409039e-001
3.811975241972350e-003,-1.906675e-001
3.849410137805684e-003,-1.442954e-001
3.886845033639018e-003,-1.016411e-001
3.924279929472352e-003,-6.255404e-002
3.961714825305686e-003,-2.688140e-002
3.999149721139020e-003,5.531581e-003
4.036584616972354e-003,3.484039e-002
4.074019512805688e-003,6.120053e-002
4.111454408639022e-003,8.476672e-002
4.148889304472356e-003,1.056923e-001
4.186324200305690e-003,1.241285e-001
4.223759096139024e-003,1.402242e-001
4.261193991972358e-003,1.541252e-001
4.298628887805692e-003,1.659737e-001
4.336063783639025e-003,1.759083e-001
4.373498679472359e-003,1.840637e-001
4.410933575305693e-003,1.905699e-001
4.448368471139027e-003,1.955528e-001
4.485803366972361e-003,1.991331e-001
4.523238262805695e-003,2.014272e-001
4.560673158639029e-003,2.025463e-001
4.598108054472363e-003,2.025966e-001
4.635542950305697e-003,2.016793e-001
4.672977846139031e-003,1.998908e-001
4.710412741972365e-003,1.973222e-001
4.747847637805699e-003,1.940598e-001
4.785282533639033e-003,1.901851e-001
4.822717429472367e-003,1.857745e-001
4.860152325305701e-003,1.808999e-001
4.897587221139035e-003,1.756286e-001
4.935022116972369e-003,1.700401e-001
4.944304671690601e-003,1.686178e-001
4.953587226408832e-003,1.671778e-001
4.962869781127064e-003,1.657200e-001
4.972152335845295e-003,1.642445e-001
4.981434890563526e-003,1.627513e-001
4.990717445281758e-003,1.612402e-001
4.999999999999990e-003,1.597114e-001
5.000007227976042e-003,1.598142e-001
5.000010826164321e-003,1.599708e-001
5.000016857119676e-003,1.604688e-001
5.000022988893071e-003,1.613741e-001
5.000032120192607e-003,1.635792e-001
5.000042034817360e-003,1.672312e-001
5.000055847644223e-003,1.744704e-001
5.000071804667492e-003,1.855861e-001
5.000094950601515e-003,2.056672e-001
5.000130690543212e-003,2.409335e-001
5.000192464785364e-003,3.052039e-001
5.000226748238221e-003,3.401679e-001
5.000273425790943e-003,3.869586e-001
5.000999999999989e-003,1.111855e+000
5.001008039079183e-003,1.119640e+000
5.001018757851440e-003,1.129310e+000
5.001030085757140e-003,1.138307e+000
5.001043367866813e-003,1.146813e+000
5.001057857112658e-003,1.153600e+000
5.001073012093277e-003,1.158150e+000
5.001089205198640e-003,1.160655e+000
5.001108658142254e-003,1.161697e+000
5.001140790920761e-003,1.160593e+000
5.001164587299889e-003,1.159400e+000
5.001188383679018e-003,1.158444e+000
5.001212180058145e-003,1.157724e+000
5.001235976437273e-003,1.157241e+000
5.001259772816400e-003,1.156994e+000
5.001283569195529e-003,1.156983e+000
5.001307365574657e-003,1.157209e+000
5.011020465539225e-003,1.130060e+000
5.020733565503793e-003,1.103239e+000
5.030446665468362e-003,1.076745e+000
5.040159765432931e-003,1.050579e+000
5.049872865397500e-003,1.024740e+000
5.059585965362068e-003,9.992282e-001
5.069299065326637e-003,9.740441e-001
5.106733961159971e-003,8.794504e-001
5.144168856993305e-003,7.895539e-001
5.181603752826639e-003,7.044418e-001
5.219038648659973e-003,6.240642e-001
5.256473544493307e-003,5.483536e-001
5.293908440326641e-003,4.772266e-001
5.331343336159975e-003,4.105858e-001
5.368778231993309e-003,3.483221e-001
5.406213127826643e-003,2.903156e-001
5.443648023659977e-003,2.364377e-001
5.481082919493311e-003,1.865525e-001
5.518517815326644e-003,1.405178e-001
5.555952711159978e-003,9.818686e-002
5.593387606993312e-003,5.940903e-002
5.630822502826646e-003,2.403124e-002
5.668257398659980e-003,-8.101266e-003
5.705692294493314e-003,-3.714395e-002
5.743127190326648e-003,-6.325221e-002
5.780562086159982e-003,-8.658062e-002
5.817996981993316e-003,-1.072823e-001
5.855431877826650e-003,-1.255082e-001
5.892866773659984e-003,-1.414070e-001
5.930301669493318e-003,-1.551240e-001
5.967736565326652e-003,-1.668012e-001
6.005171461159986e-003,-1.765769e-001
6.042606356993320e-003,-1.845850e-001
6.080041252826654e-003,-1.909555e-001
6.117476148659988e-003,-1.958136e-001
6.154911044493322e-003,-1.992797e-001
6.192345940326656e-003,-2.014696e-001
6.229780836159990e-003,-2.024941e-001
6.267215731993324e-003,-2.024590e-001
6.304650627826658e-003,-2.014650e-001
6.342085523659992e-003,-1.996080e-001
6.379520419493326e-003,-1.969787e-001
6.416955315326660e-003,-1.936629e-001
6.454390211159994e-003,-1.897417e-001
6.491825106993328e-003,-1.852910e-001
6.529260002826662e-003,-1.803824e-001
6.566694898659996e-003,-1.750827e-001
6.604129794493330e-003,-1.694731e-001
6.613206490518091e-003,-1.680772e-001
6.622283186542853e-003,-1.666645e-001
6.631359882567614e-003,-1.652350e-001
6.640436578592375e-003,-1.637888e-001
6.649513274617136e-003,-1.623259e-001
6.658589970641898e-003,-1.608462e-001
6.667666666666659e-003,-1.593497e-001
6.667673893196237e-003,-1.594525e-001
6.667677490094657e-003,-1.596091e-001
6.667683519476333e-003,-1.601074e-001
6.667689665362085e-003,-1.610158e-001
6.667698799783284e-003,-1.632247e-001
6.667708727202937e-003,-1.668867e-001
6.667722542263037e-003,-1.741371e-001
6.667738515280053e-003,-1.852776e-001
6.667761672585059e-003,-2.053891e-001
6.667797492005466e-003,-2.407605e-001
6.667859381286099e-003,-3.051692e-001
6.667893662512188e-003,-3.401328e-001
6.667940447944402e-003,-3.870367e-001
6.668666666666660e-003,-1.111745e+000
6.668674710078973e-003,-1.119534e+000
6.668685434628725e-003,-1.129207e+000
6.668696721345392e-003,-1.138165e+000
6.668709951418495e-003,-1.146626e+000
6.668724402429312e-003,-1.153380e+000
6.668739501998836e-003,-1.157894e+000
6.668755625103886e-003,-1.160369e+000
6.668774941724417e-003,-1.161380e+000
6.668806943844237e-003,-1.160248e+000
6.668830566213017e-003,-1.159048e+000
6.668854188581798e-003,-1.158086e+000
6.668877810950578e-003,-1.157362e+000
6.668901433319358e-003,-1.156876e+000
6.668925055688137e-003,-1.156629e+000
6.668948678056918e-003,-1.156620e+000
6.668972300425698e-003,-1.156849e+000
6.678194074549836e-003,-1.131063e+000
6.687415848673975e-003,-1.105572e+000
6.696637622798114e-003,-1.080379e+000
6.705859396922252e-003,-1.055481e+000
6.715081171046390e-003,-1.030881e+000
6.724302945170529e-003,-1.006576e+000
6.733524719294668e-003,-9.825683e-001
6.770959615128002e-003,-8.875855e-001
6.808394510961336e-003,-7.972480e-001
6.845829406794670e-003,-7.117002e-001
6.883264302628003e-003,-6.308937e-001
6.920699198461337e-003,-5.547624e-001
6.958134094294671e-003,-4.832240e-001
6.995568990128005e-003,-4.161824e-001
7.033003885961339e-003,-3.535293e-001
7.070438781794673e-003,-2.951455e-001
7.107873677628007e-003,-2.409032e-001
7.145308573461341e-003,-1.906668e-001
7.182743469294675e-003,-1.442947e-001
7.220178365128009e-003,-1.016403e-001
7.257613260961343e-003,-6.255329e-002
7.295048156794677e-003,-2.688064e-002
7.332483052628011e-003,5.532335e-003
7.369917948461345e-003,3.484114e-002
7.407352844294679e-003,6.120127e-002
7.444787740128013e-003,8.476745e-002
7.482222635961347e-003,1.056930e-001
7.519657531794681e-003,1.241292e-001
7.557092427628015e-003,1.402249e-001
7.594527323461349e-003,1.541258e-001
7.631962219294683e-003,1.659743e-001
7.669397115128017e-003,1.759090e-001
7.706832010961351e-003,1.840643e-001
7.744266906794685e-003,1.905705e-001
7.781701802628019e-003,1.955533e-001
7.819136698461352e-003,1.991337e-001
7.856571594294686e-003,2.014277e-001
7.894006490128020e-003,2.025468e-001
7.931441385961354e-003,2.025970e-001
7.968876281794688e-003,2.016798e-001
8.006311177628022e-003,1.998912e-001
8.043746073461356e-003,1.973226e-001
8.081180969294690e-003,1.940602e-001
8.118615865128024e-003,1.901854e-001
8.156050760961358e-003,1.857748e-001
8.193485656794692e-003,1.809002e-001
8.230920552628026e-003,1.756289e-001
8.268355448461360e-003,1.700403e-001
8.277638003443069e-003,1.686181e-001
8.286920558424777e-003,1.671781e-001
8.296203113406486e-003,1.657203e-001
8.305485668388195e-003,1.642448e-001
8.314768223369904e-003,1.627515e-001
8.324050778351612e-003,1.612405e-001
8.333333333333321e-003,1.597117e-001
8.333340561309376e-003,1.598144e-001
8.333344159497654e-003,1.599711e-001
8.333350190453011e-003,1.604690e-001
8.333356322226392e-003,1.613743e-001
8.333365453525924e-003,1.635794e-001
8.333375368150667e-003,1.672314e-001
8.333389180977532e-003,1.744706e-001
8.333405138000787e-003,1.855863e-001
8.333428283934803e-003,2.056674e-001
8.333464023876427e-003,2.409337e-001
8.333525798118472e-003,3.052041e-001
8.333560081571330e-003,3.401681e-001
8.333606759123945e-003,3.869588e-001
8.334333333333319e-003,1.111855e+000
8.334341372412471e-003,1.119640e+000
8.334352091184674e-003,1.129311e+000
8.334363419090395e-003,1.138307e+000
8.334376701200089e-003,1.146813e+000
8.334391190445933e-003,1.153601e+000
8.334406345426544e-003,1.158150e+000
8.334422538531901e-003,1.160655e+000
8.334441991475487e-003,1.161697e+000
8.334474124254039e-003,1.160593e+000
8.334497920633182e-003,1.159400e+000
8.334521717012326e-003,1.158444e+000
8.334545513391469e-003,1.157725e+000
8.334569309770610e-003,1.157241e+000
8.334593106149753e-003,1.156994e+000
8.334616902528897e-003,1.156984e+000
8.334640698908040e-003,1.157210e+000
8.344353798885772e-003,1.130061e+000
8.354066898863505e-003,1.103239e+000
8.363779998841237e-003,1.076745e+000
8.373493098818970e-003,1.050579e+000
8.383206198796702e-003,1.024740e+000
8.392919298774434e-003,9.992284e-001
8.402632398752167e-003,9.740443e-001
8.440067294585501e-003,8.794506e-001
8.477502190418835e-003,7.895540e-001
8.514937086252169e-003,7.044419e-001
8.552371982085503e-003,6.240643e-001
8.589806877918837e-003,5.483537e-001
8.627241773752171e-003,4.772267e-001
8.664676669585505e-003,4.105859e-001
8.702111565418839e-003,3.483221e-001
8.739546461252173e-003,2.903156e-001
8.776981357085507e-003,2.364378e-001
8.814416252918841e-003,1.865525e-001
8.851851148752175e-003,1.405179e-001
8.889286044585509e-003,9.818689e-002
8.926720940418843e-003,5.940906e-002
8.964155836252177e-003,2.403125e-002
9.001590732085511e-003,-8.101257e-003
9.039025627918845e-003,-3.714395e-002
9.076460523752179e-003,-6.325221e-002
9.113895419585513e-003,-8.658063e-002
9.151330315418847e-003,-1.072823e-001
9.188765211252181e-003,-1.255083e-001
9.226200107085514e-003,-1.414070e-001
9.263635002918848e-003,-1.551240e-001
9.301069898752182e-003,-1.668012e-001
9.338504794585516e-003,-1.765769e-001
9.375939690418850e-003,-1.845850e-001
9.413374586252184e-003,-1.909555e-001
9.450809482085518e-003,-1.958136e-001
9.488244377918852e-003,-1.992797e-001
9.525679273752186e-003,-2.014696e-001
9.563114169585520e-003,-2.024941e-001
9.600549065418854e-003,-2.024590e-001
9.637983961252188e-003,-2.014651e-001
9.675418857085522e-003,-1.996080e-001
9.712853752918856e-003,-1.969787e-001
9.750288648752190e-003,-1.936630e-001
9.787723544585524e-003,-1.897417e-001
9.825158440418858e-003,-1.852911e-001
9.862593336252192e-003,-1.803825e-001
9.900028232085526e-003,-1.750827e-001
9.937463127918860e-003,-1.694731e-001
9.946539823930451e-003,-1.680772e-001
9.955616519942040e-003,-1.666645e-001
9.964693215953630e-003,-1.652350e-001
9.973769911965219e-003,-1.637888e-001
9.982846607976810e-003,-1.623259e-001
9.991923303988399e-003,-1.608462e-001
1.000099999999999e-002,-1.593497e-001
1.000100722652957e-002,-1.594525e-001
1.000101082342799e-002,-1.596092e-001
1.000101685280967e-002,-1.601074e-001
1.000102299869542e-002,-1.610158e-001
1.000103213311662e-002,-1.632247e-001
1.000104206053627e-002,-1.668867e-001
1.000105587559637e-002,-1.741371e-001
1.000107184861339e-002,-1.852777e-001
1.000109500591839e-002,-2.053891e-001
1.000113082533879e-002,-2.407605e-001
1.000119271461944e-002,-3.051692e-001
1.000122699584552e-002,-3.401329e-001
1.000127378127774e-002,-3.870367e-001
1.000199999999999e-002,-1.111745e+000
1.000200804341230e-002,-1.119534e+000
1.000201876796205e-002,-1.129207e+000
1.000203005467872e-002,-1.138165e+000
1.000204328475182e-002,-1.146626e+000
1.000205773576264e-002,-1.153380e+000
1.000207283533216e-002,-1.157894e+000
1.000208895843721e-002,-1.160369e+000
1.000210827505774e-002,-1.161380e+000
1.000214027717756e-002,-1.160248e+000
1.000216389954633e-002,-1.159048e+000
1.000218752191511e-002,-1.158086e+000
1.000221114428389e-002,-1.157362e+000
1.000223476665267e-002,-1.156876e+000
1.000225838902145e-002,-1.156629e+000
1.000228201139023e-002,-1.156620e+000
1.000230563375901e-002,-1.156849e+000
1.001152740787699e-002,-1.131063e+000
1.002074918199497e-002,-1.105572e+000
1.002997095611296e-002,-1.080379e+000
1.003919273023094e-002,-1.055481e+000
1.004841450434892e-002,-1.030881e+000
1.005763627846691e-002,-1.006576e+000
1.006685805258489e-002,-9.825683e-001
1.010429294841822e-002,-8.875855e-001
1.014172784425156e-002,-7.972480e-001
1.017916274008489e-002,-7.117002e-001
1.021659763591823e-002,-6.308937e-001
1.025403253175156e-002,-5.547624e-001
1.029146742758489e-002,-4.832240e-001
1.032890232341823e-002,-4.161825e-001
1.036633721925156e-002,-3.535293e-001
1.040377211508490e-002,-2.951455e-001
1.044120701091823e-002,-2.409032e-001
1.047864190675156e-002,-1.906668e-001
1.051607680258490e-002,-1.442947e-001
1.055351169841823e-002,-1.016403e-001
1.059094659425157e-002,-6.255330e-002
1.062838149008490e-002,-2.688065e-002
1.066581638591823e-002,5.532324e-003
1.070325128175157e-002,3.484114e-002
1.074068617758490e-002,6.120126e-002
1.077812107341824e-002,8.476745e-002
1.081555596925157e-002,1.056930e-001
1.085299086508490e-002,1.241292e-001
1.089042576091824e-002,1.402249e-001
1.092786065675157e-002,1.541258e-001
1.096529555258491e-002,1.659743e-001
1.100273044841824e-002,1.759090e-001
1.104016534425157e-002,1.840643e-001
1.107760024008491e-002,1.905705e-001
1.111503513591824e-002,1.955533e-001
1.115247003175158e-002,1.991337e-001
1.118990492758491e-002,2.014277e-001
1.122733982341824e-002,2.025468e-001
1.126477471925158e-002,2.025970e-001
1.130220961508491e-002,2.016798e-001
1.133964451091825e-002,1.998912e-001
1.137707940675158e-002,1.973226e-001
1.141451430258491e-002,1.940602e-001
1.145194919841825e-002,1.901854e-001
1.148938409425158e-002,1.857748e-001
1.152681899008492e-002,1.809002e-001
1.156425388591825e-002,1.756289e-001
1.160168878175158e-002,1.700403e-001
1.161097133673945e-002,1.686181e-001
1.162025389172732e-002,1.671781e-001
1.162953644671518e-002,1.657203e-001
1.163881900170305e-002,1.642448e-001
1.164810155669092e-002,1.627515e-001
1.165738411167878e-002,1.612405e-001
1.166666666666665e-002,1.597117e-001
1.166667389464272e-002,1.598144e-001
1.166667749283100e-002,1.599711e-001
1.166668352378635e-002,1.604690e-001
1.166668965555974e-002,1.613743e-001
1.166669878685928e-002,1.635794e-001
1.166670870148404e-002,1.672314e-001
1.166672251431090e-002,1.744706e-001
1.166673847133417e-002,1.855863e-001
1.166676161726818e-002,2.056674e-001
1.166679735720990e-002,2.409337e-001
1.166685913145209e-002,3.052041e-001
1.166689341490496e-002,3.401681e-001
1.166694009245770e-002,3.869588e-001
1.166766666666665e-002,1.111855e+000
1.166767470574585e-002,1.119640e+000
1.166768542451812e-002,1.129311e+000
1.166769675242382e-002,1.138307e+000
1.166771003453349e-002,1.146813e+000
1.166772452377934e-002,1.153601e+000
1.166773967875997e-002,1.158150e+000
1.166775587186533e-002,1.160655e+000
1.166777532480895e-002,1.161697e+000
1.166780745758748e-002,1.160593e+000
1.166783125396664e-002,1.159400e+000
1.166785505034580e-002,1.158444e+000
1.166787884672496e-002,1.157725e+000
1.166790264310413e-002,1.157241e+000
1.166792643948329e-002,1.156994e+000
1.166795023586245e-002,1.156984e+000
1.166797403224161e-002,1.157210e+000
1.167768713229579e-002,1.130061e+000
1.168740023234997e-002,1.103239e+000
1.169711333240416e-002,1.076745e+000
1.170682643245834e-002,1.050579e+000
1.171653953251253e-002,1.024740e+000
1.172625263256671e-002,9.992284e-001
1.173596573262089e-002,9.740443e-001
1.177340062845423e-002,8.794506e-001
1.181083552428756e-002,7.895540e-001
1.184827042012089e-002,7.044419e-001
1.188570531595423e-002,6.240643e-001
1.192314021178756e-002,5.483537e-001
1.196057510762090e-002,4.772267e-001
1.199801000345423e-002,4.105859e-001
1.203544489928756e-002,3.483221e-001
1.207287979512090e-002,2.903156e-001
1.211031469095423e-002,2.364378e-001
1.214774958678757e-002,1.865525e-001
1.218518448262090e-002,1.405179e-001
1.222261937845423e-002,9.818689e-002
1.226005427428757e-002,5.940906e-002
1.229748917012090e-002,2.403125e-002
1.233492406595424e-002,-8.101257e-003
1.237235896178757e-002,-3.714395e-002
1.240979385762090e-002,-6.325221e-002
1.244722875345424e-002,-8.658062e-002
1.248466364928757e-002,-1.072823e-001
1.252209854512091e-002,-1.255083e-001
1.255953344095424e-002,-1.414070e-001
1.259696833678757e-002,-1.551240e-001
1.263440323262091e-002,-1.668012e-001
1.267183812845424e-002,-1.765769e-001
1.270927302428758e-002,-1.845850e-001
1.274670792012091e-002,-1.909555e-001
1.278414281595424e-002,-1.958136e-001
1.282157771178758e-002,-1.992797e-001
1.285901260762091e-002,-2.014696e-001
1.289644750345425e-002,-2.024941e-001
1.293388239928758e-002,-2.024590e-001
1.297131729512091e-002,-2.014651e-001
1.300875219095425e-002,-1.996080e-001
1.304618708678758e-002,-1.969787e-001
1.308362198262092e-002,-1.936630e-001
1.312105687845425e-002,-1.897417e-001
1.315849177428758e-002,-1.852911e-001
1.319592667012092e-002,-1.803825e-001
1.323336156595425e-002,-1.750827e-001
1.327079646178759e-002,-1.694731e-001
1.327987315772269e-002,-1.680772e-001
1.328894985365780e-002,-1.666645e-001
1.329802654959290e-002,-1.652350e-001
1.330710324552801e-002,-1.637888e-001
1.331617994146311e-002,-1.623259e-001
1.332525663739822e-002,-1.608462e-001
1.333433333333332e-002,-1.593497e-001
1.333434055986291e-002,-1.594525e-001
1.333434415676134e-002,-1.596092e-001
1.333435018614300e-002,-1.601074e-001
1.333435633202877e-002,-1.610158e-001
1.333436546644997e-002,-1.632247e-001
1.333437539386963e-002,-1.668867e-001
1.333438920892972e-002,-1.741371e-001
1.333440518194676e-002,-1.852777e-001
1.333442833925178e-002,-2.053891e-001
1.333446415867227e-002,-2.407605e-001
1.333452604795301e-002,-3.051692e-001
1.333456032917911e-002,-3.401329e-001
1.333460711461142e-002,-3.870367e-001
1.333533333333332e-002,-1.111745e+000
1.333534137674566e-002,-1.119534e+000
1.333535210129545e-002,-1.129207e+000
1.333536338801210e-002,-1.138165e+000
1.333537661808519e-002,-1.146626e+000
1.333539106909601e-002,-1.153380e+000
1.333540616866554e-002,-1.157894e+000
1.333542229177059e-002,-1.160369e+000
1.333544160839114e-002,-1.161380e+000
1.333547361051094e-002,-1.160248e+000
1.333549723287973e-002,-1.159048e+000
1.333552085524852e-002,-1.158086e+000
1.333554447761731e-002,-1.157362e+000
1.333556809998610e-002,-1.156876e+000
1.333559172235489e-002,-1.156629e+000
1.333561534472367e-002,-1.156620e+000
1.333563896709246e-002,-1.156849e+000
1.334486074124482e-002,-1.131063e+000
1.335408251539718e-002,-1.105572e+000
1.336330428954954e-002,-1.080379e+000
1.337252606370189e-002,-1.055481e+000
1.338174783785425e-002,-1.030881e+000
1.339096961200661e-002,-1.006576e+000
1.340019138615897e-002,-9.825683e-001
1.343762628199230e-002,-8.875855e-001
1.347506117782564e-002,-7.972480e-001
1.351249607365897e-002,-7.117002e-001
1.354993096949230e-002,-6.308937e-001
1.358736586532564e-002,-5.547624e-001
1.362480076115897e-002,-4.832240e-001
1.366223565699231e-002,-4.161825e-001
1.369967055282564e-002,-3.535293e-001
1.373710544865897e-002,-2.951455e-001
1.377454034449231e-002,-2.409032e-001
1.381197524032564e-002,-1.906668e-001
1.384941013615898e-002,-1.442947e-001
1.388684503199231e-002,-1.016403e-001
1.392427992782564e-002,-6.255330e-002
1.396171482365898e-002,-2.688065e-002
1.399914971949231e-002,5.532324e-003
1.403658461532565e-002,3.484114e-002
1.407401951115898e-002,6.120126e-002
1.411145440699231e-002,8.476745e-002
1.414888930282565e-002,1.056930e-001
1.418632419865898e-002,1.241292e-001
1.422375909449232e-002,1.402249e-001
1.426119399032565e-002,1.541258e-001
1.429862888615898e-002,1.659743e-001
1.433606378199232e-002,1.759090e-001
1.437349867782565e-002,1.840643e-001
1.441093357365899e-002,1.905705e-001
1.444836846949232e-002,1.955533e-001
1.448580336532565e-002,1.991337e-001
1.452323826115899e-002,2.014277e-001
1.456067315699232e-002,2.025468e-001
1.459810805282566e-002,2.025970e-001
1.463554294865899e-002,2.016798e-001
1.467297784449232e-002,1.998912e-001
1.471041274032566e-002,1.973226e-001
1.474784763615899e-002,1.940602e-001
1.478528253199233e-002,1.901854e-001
1.482271742782566e-002,1.857748e-001
1.486015232365899e-002,1.809002e-001
1.489758721949233e-002,1.756289e-001
1.493502211532566e-002,1.700403e-001
1.494246612861248e-002,1.689044e-001
1.494991014189929e-002,1.677557e-001
1.495735415518611e-002,1.665941e-001
1.496479816847292e-002,1.654196e-001
1.497224218175974e-002,1.642324e-001
1.497968619504656e-002,1.630323e-001
1.498713020833337e-002,1.618193e-001
1.499339062500019e-002,1.607970e-001
1.499999999999998e-002,1.597117e-001
1.500000722797605e-002,1.598144e-001
1.500001082616433e-002,1.599711e-001
1.500001685711968e-002,1.604690e-001
1.500002298889307e-002,1.613743e-001
1.500003212019260e-002,1.635794e-001
1.500004203481736e-002,1.672314e-001
1.500005584764422e-002,1.744706e-001
1.500007180466750e-002,1.855863e-001
1.500009495060151e-002,2.056674e-001
1.500013069054321e-002,2.409337e-001
1.500019246478536e-002,3.052041e-001
1.500022674823823e-002,3.401681e-001
1.500027342579095e-002,3.869588e-001
1.500078796469588e-002,9.003562e-001
1.500099999999998e-002,1.111842e+000
1.500100267969304e-002,1.114492e+000
1.500100803907916e-002,1.119640e+000
1.500101875785141e-002,1.129311e+000
1.500103008575712e-002,1.138307e+000
1.500104336786680e-002,1.146813e+000
1.500105785711265e-002,1.153601e+000
1.500107301209327e-002,1.158150e+000
1.500108920519863e-002,1.160655e+000
1.500110865814224e-002,1.161697e+000
1.500114079092078e-002,1.160593e+000
1.500116458729993e-002,1.159400e+000
1.500118838367908e-002,1.158444e+000
1.500121218005824e-002,1.157725e+000
1.500123597643739e-002,1.157241e+000
1.500125977281655e-002,1.156994e+000
1.500128356919570e-002,1.156984e+000
1.500130736557485e-002,1.157210e+000
1.501102046560496e-002,1.130061e+000
1.502073356563507e-002,1.103239e+000
1.503044666566518e-002,1.076745e+000
1.504015976569529e-002,1.050579e+000
1.504987286572540e-002,1.024740e+000
1.505958596575551e-002,9.992284e-001
1.506929906578562e-002,9.740443e-001
1.510673396161896e-002,8.794506e-001
1.514416885745229e-002,7.895540e-001
1.518160375328562e-002,7.044419e-001
1.521903864911896e-002,6.240643e-001
1.525647354495229e-002,5.483537e-001
1.529390844078563e-002,4.772267e-001
1.533134333661896e-002,4.105859e-001
1.536877823245229e-002,3.483221e-001
1.540621312828563e-002,2.903156e-001
1.544364802411896e-002,2.364378e-001
1.548108291995230e-002,1.865525e-001
1.551851781578563e-002,1.405179e-001
1.555595271161896e-002,9.818689e-002
1.559338760745230e-002,5.940906e-002
1.563082250328563e-002,2.403126e-002
1.566825739911897e-002,-8.101257e-003
1.570569229495230e-002,-3.714395e-002
1.574312719078563e-002,-6.325221e-002
1.578056208661897e-002,-8.658062e-002
1.581799698245230e-002,-1.072823e-001
1.585543187828564e-002,-1.255083e-001
1.589286677411897e-002,-1.414070e-001
1.593030166995230e-002,-1.551240e-001
1.596773656578564e-002,-1.668012e-001
1.600517146161897e-002,-1.765769e-001
1.604260635745231e-002,-1.845850e-001
1.608004125328564e-002,-1.909555e-001
1.611747614911897e-002,-1.958136e-001
1.615491104495231e-002,-1.992797e-001
1.619234594078564e-002,-2.014696e-001
1.622978083661898e-002,-2.024941e-001
1.626721573245231e-002,-2.024590e-001
1.630465062828564e-002,-2.014651e-001
1.634208552411898e-002,-1.996080e-001
1.637952041995231e-002,-1.969787e-001
1.641695531578565e-002,-1.936630e-001
1.645439021161898e-002,-1.897417e-001
1.649182510745231e-002,-1.852911e-001
1.652926000328565e-002,-1.803825e-001
1.656669489911898e-002,-1.750827e-001
1.660412979495232e-002,-1.694731e-001
1.661320649091150e-002,-1.680772e-001
1.662228318687070e-002,-1.666645e-001
1.663135988282989e-002,-1.652350e-001
1.664043657878908e-002,-1.637888e-001
1.664951327474827e-002,-1.623259e-001
1.665858997070746e-002,-1.608462e-001
1.666766666666665e-002,-1.593497e-001
1.666767389319624e-002,-1.594525e-001
1.666767749009467e-002,-1.596092e-001
1.666768351947633e-002,-1.601074e-001
1.666768966536210e-002,-1.610158e-001
1.666769879978329e-002,-1.632247e-001
1.666770872720295e-002,-1.668867e-001
1.666772254226305e-002,-1.741371e-001
1.666773851528009e-002,-1.852777e-001
1.666776167258510e-002,-2.053891e-001
1.666779749200556e-002,-2.407605e-001
1.666785938128629e-002,-3.051692e-001
1.666789366251238e-002,-3.401329e-001
1.666794044794470e-002,-3.870367e-001
1.666866666666665e-002,-1.111745e+000
1.666867471007898e-002,-1.119534e+000
1.666868543462876e-002,-1.129207e+000
1.666869672134542e-002,-1.138165e+000
1.666870995141851e-002,-1.146626e+000
1.666872440242933e-002,-1.153380e+000
1.666873950199886e-002,-1.157894e+000
1.666875562510391e-002,-1.160369e+000
1.666877494172446e-002,-1.161380e+000
1.666880694384426e-002,-1.160248e+000
1.666883056621305e-002,-1.159048e+000
1.666885418858183e-002,-1.158086e+000
1.666887781095062e-002,-1.157362e+000
1.666890143331941e-002,-1.156876e+000
1.666892505568820e-002,-1.156629e+000
1.666894867805698e-002,-1.156620e+000
1.666897230042577e-002,-1.156849e+000
1.667819407456986e-002,-1.131063e+000
1.668741584871395e-002,-1.105572e+000
1.669663762285805e-002,-1.080379e+000
1.670585939700215e-002,-1.055481e+000
1.671508117114624e-002,-1.030881e+000
1.672430294529034e-002,-1.006576e+000
1.673352471943443e-002,-9.825683e-001
1.677095961526777e-002,-8.875855e-001
1.680839451110110e-002,-7.972480e-001
1.684582940693443e-002,-7.117002e-001
1.688326430276777e-002,-6.308937e-001
1.692069919860110e-002,-5.547624e-001
1.695813409443444e-002,-4.832240e-001
1.699556899026777e-002,-4.161825e-001
1.703300388610110e-002,-3.535293e-001
1.707043878193444e-002,-2.951455e-001
1.710787367776777e-002,-2.409032e-001
1.714530857360111e-002,-1.906668e-001
1.718274346943444e-002,-1.442947e-001
1.722017836526777e-002,-1.016403e-001
1.725761326110111e-002,-6.255330e-002
1.729504815693444e-002,-2.688065e-002
1.733248305276778e-002,5.532324e-003
1.736991794860111e-002,3.484114e-002
1.740735284443444e-002,6.120126e-002
1.744478774026778e-002,8.476745e-002
1.748222263610111e-002,1.056930e-001
1.751965753193445e-002,1.241292e-001
1.755709242776778e-002,1.402249e-001
1.759452732360111e-002,1.541258e-001
1.763196221943445e-002,1.659743e-001
1.766939711526778e-002,1.759090e-001
1.770683201110112e-002,1.840643e-001
1.774426690693445e-002,1.905705e-001
1.778170180276778e-002,1.955533e-001
1.781913669860112e-002,1.991337e-001
1.785657159443445e-002,2.014277e-001
1.789400649026779e-002,2.025468e-001
1.793144138610112e-002,2.025970e-001
1.796887628193445e-002,2.016798e-001
1.800631117776779e-002,1.998912e-001
1.804374607360112e-002,1.973226e-001
1.808118096943446e-002,1.940602e-001
1.811861586526779e-002,1.901854e-001
1.815605076110112e-002,1.857748e-001
1.819348565693446e-002,1.809002e-001
1.823092055276779e-002,1.756289e-001
1.826835544860113e-002,1.700403e-001
1.827763800356286e-002,1.686181e-001
1.828692055852461e-002,1.671781e-001
1.829620311348635e-002,1.657203e-001
1.830548566844809e-002,1.642448e-001
1.831476822340983e-002,1.627515e-001
1.832405077837157e-002,1.612405e-001
1.833333333333331e-002,1.597117e-001
1.833334056130938e-002,1.598144e-001
1.833334415949766e-002,1.599711e-001
1.833335019045301e-002,1.604690e-001
1.833335632222640e-002,1.613743e-001
1.833336545352593e-002,1.635794e-001
1.833337536815069e-002,1.672314e-001
1.833338918097755e-002,1.744706e-001
1.833340513800083e-002,1.855863e-001
1.833342828393485e-002,2.056674e-001
1.833346402387654e-002,2.409337e-001
1.833352579811873e-002,3.052041e-001
1.833356008157160e-002,3.401681e-001
1.833360675912433e-002,3.869588e-001
1.833433333333331e-002,1.111855e+000
1.833434137241250e-002,1.119640e+000
1.833435209118476e-002,1.129311e+000
1.833436341909046e-002,1.138307e+000
1.833437670120014e-002,1.146813e+000
1.833439119044599e-002,1.153601e+000
1.833440634542661e-002,1.158150e+000
1.833442253853198e-002,1.160655e+000
1.833444199147559e-002,1.161697e+000
1.833447412425412e-002,1.160593e+000
1.833449792063327e-002,1.159400e+000
1.833452171701243e-002,1.158444e+000
1.833454551339159e-002,1.157725e+000
1.833456930977075e-002,1.157241e+000
1.833459310614990e-002,1.156994e+000
1.833461690252906e-002,1.156984e+000
1.833464069890822e-002,1.157210e+000
1.834435379895235e-002,1.130061e+000
1.835406689899649e-002,1.103239e+000
1.836377999904063e-002,1.076745e+000
1.837349309908476e-002,1.050579e+000
1.838320619912890e-002,1.024740e+000
1.839291929917303e-002,9.992284e-001
1.840263239921717e-002,9.740443e-001
1.844006729505051e-002,8.794506e-001
1.847750219088384e-002,7.895540e-001
1.851493708671717e-002,7.044419e-001
1.855237198255051e-002,6.240643e-001
1.858980687838384e-002,5.483537e-001
1.862724177421718e-002,4.772267e-001
1.866467667005051e-002,4.105859e-001
1.870211156588384e-002,3.483221e-001
1.873954646171718e-002,2.903156e-001
1.877698135755051e-002,2.364378e-001
1.881441625338385e-002,1.865525e-001
1.885185114921718e-002,1.405179e-001
1.888928604505051e-002,9.818689e-002
1.892672094088385e-002,5.940906e-002
1.896415583671718e-002,2.403125e-002
1.900159073255052e-002,-8.101257e-003
1.903902562838385e-002,-3.714395e-002
1.907646052421718e-002,-6.325221e-002
1.911389542005052e-002,-8.658062e-002
1.915133031588385e-002,-1.072823e-001
1.918876521171719e-002,-1.255083e-001
1.922620010755052e-002,-1.414070e-001
1.926363500338385e-002,-1.551240e-001
1.930106989921719e-002,-1.668012e-001
1.933850479505052e-002,-1.765769e-001
1.937593969088386e-002,-1.845850e-001
1.941337458671719e-002,-1.909555e-001
1.945080948255052e-002,-1.958136e-001
1.948824437838386e-002,-1.992797e-001
1.952567927421719e-002,-2.014696e-001
1.956311417005053e-002,-2.024941e-001
1.960054906588386e-002,-2.024590e-001
1.963798396171719e-002,-2.014651e-001
1.967541885755053e-002,-1.996080e-001
1.971285375338386e-002,-1.969787e-001
1.975028864921720e-002,-1.936630e-001
1.978772354505053e-002,-1.897417e-001
1.982515844088386e-002,-1.852911e-001
1.986259333671720e-002,-1.803825e-001
1.990002823255053e-002,-1.750827e-001
1.993746312838387e-002,-1.694731e-001
1.994653982432902e-002,-1.680772e-001
1.995561652027418e-002,-1.666645e-001
1.996469321621934e-002,-1.652350e-001
1.997376991216450e-002,-1.637888e-001
1.998284660810966e-002,-1.623259e-001
1.999192330405482e-002,-1.608462e-001
2.000099999999998e-002,-1.593497e-001
2.000100722652957e-002,-1.594525e-001
2.000101082342800e-002,-1.596092e-001
2.000101685280966e-002,-1.601074e-001
2.000102299869543e-002,-1.610158e-001
2.000103213311662e-002,-1.632247e-001
2.000104206053629e-002,-1.668867e-001
2.000105587559639e-002,-1.741371e-001
2.000107184861343e-002,-1.852777e-001
2.000109500591844e-002,-2.053891e-001
2.000113082533891e-002,-2.407605e-001
2.000119271461964e-002,-3.051692e-001
2.000122699584574e-002,-3.401329e-001
2.000127378127802e-002,-3.870367e-001
2.000199999999998e-002,-1.111745e+000
2.000200804341232e-002,-1.119534e+000
2.000201876796212e-002,-1.129207e+000
2.000203005467877e-002,-1.138165e+000
2.000204328475186e-002,-1.146626e+000
2.000205773576268e-002,-1.153380e+000
2.000207283533221e-002,-1.157894e+000
2.000208895843727e-002,-1.160369e+000
2.000210827505782e-002,-1.161380e+000
2.000214027717762e-002,-1.160248e+000
2.000216389954641e-002,-1.159048e+000
2.000218752191520e-002,-1.158086e+000
2.000221114428399e-002,-1.157362e+000
2.000223476665278e-002,-1.156876e+000
2.000225838902157e-002,-1.156629e+000
2.000228201139035e-002,-1.156620e+000
2.000230563375914e-002,-1.156849e+000
2.001152740791471e-002,-1.131063e+000
2.002074918207028e-002,-1.105572e+000
2.002997095622585e-002,-1.080379e+000
2.003919273038142e-002,-1.055481e+000
2.004841450453699e-002,-1.030881e+000
2.005763627869255e-002,-1.006576e+000
2.006685805284812e-002,-9.825683e-001
2.010429294868146e-002,-8.875855e-001
2.014172784451479e-002,-7.972480e-001
2.017916274034812e-002,-7.117002e-001
2.021659763618146e-002,-6.308937e-001
2.025403253201479e-002,-5.547624e-001
2.029146742784813e-002,-4.832240e-001
2.032890232368146e-002,-4.161825e-001
2.036633721951479e-002,-3.535293e-001
2.040377211534813e-002,-2.951455e-001
2.044120701118146e-002,-2.409032e-001
2.047864190701480e-002,-1.906668e-001
2.051607680284813e-002,-1.442947e-001
2.055351169868146e-002,-1.016403e-001
2.059094659451480e-002,-6.255330e-002
2.062838149034813e-002,-2.688065e-002
2.066581638618147e-002,5.532324e-003
2.070325128201480e-002,3.484114e-002
2.074068617784813e-002,6.120126e-002
2.077812107368147e-002,8.476745e-002
2.081555596951480e-002,1.056930e-001
2.085299086534814e-002,1.241292e-001
2.089042576118147e-002,1.402249e-001
2.092786065701480e-002,1.541258e-001
2.096529555284814e-002,1.659743e-001
2.100273044868147e-002,1.759090e-001
2.104016534451481e-002,1.840643e-001
2.107760024034814e-002,1.905705e-001
2.111503513618147e-002,1.955533e-001
2.115247003201481e-002,1.991337e-001
2.118990492784814e-002,2.014277e-001
2.122733982368148e-002,2.025468e-001
2.126477471951481e-002,2.025970e-001
2.130220961534814e-002,2.016798e-001
2.133964451118148e-002,1.998912e-001
2.137707940701481e-002,1.973226e-001
2.141451430284815e-002,1.940602e-001
2.145194919868148e-002,1.901854e-001
2.148938409451481e-002,1.857748e-001
2.152681899034815e-002,1.809002e-001
2.156425388618148e-002,1.756289e-001
2.160168878201482e-002,1.700403e-001
2.161097133696508e-002,1.686181e-001
2.162025389191534e-002,1.671781e-001
2.162953644686560e-002,1.657203e-001
2.163881900181586e-002,1.642448e-001
2.164810155676612e-002,1.627515e-001
2.165738411171638e-002,1.612405e-001
2.166666666666664e-002,1.597117e-001
2.166667389464271e-002,1.598144e-001
2.166667749283099e-002,1.599711e-001
2.166668352378634e-002,1.604690e-001
2.166668965555973e-002,1.613743e-001
2.166669878685927e-002,1.635794e-001
2.166670870148402e-002,1.672314e-001
2.166672251431089e-002,1.744706e-001
2.166673847133416e-002,1.855863e-001
2.166676161726818e-002,2.056674e-001
2.166679735720990e-002,2.409337e-001
2.166685913145208e-002,3.052041e-001
2.166689341490495e-002,3.401681e-001
2.166694009245770e-002,3.869588e-001
2.166766666666664e-002,1.111855e+000
2.166767470574584e-002,1.119640e+000
2.166768542451811e-002,1.129311e+000
2.166769675242381e-002,1.138307e+000
2.166771003453348e-002,1.146813e+000
2.166772452377933e-002,1.153601e+000
2.166773967875995e-002,1.158150e+000
2.166775587186532e-002,1.160655e+000
2.166777532480894e-002,1.161697e+000
2.166780745758747e-002,1.160593e+000
2.166783125396662e-002,1.159400e+000
2.166785505034578e-002,1.158444e+000
2.166787884672494e-002,1.157725e+000
2.166790264310410e-002,1.157241e+000
2.166792643948326e-002,1.156994e+000
2.166795023586242e-002,1.156984e+000
2.166797403224157e-002,1.157210e+000
2.167768713228870e-002,1.130061e+000
2.168740023233582e-002,1.103239e+000
2.169711333238295e-002,1.076745e+000
2.170682643243008e-002,1.050579e+000
2.171653953247720e-002,1.024740e+000
2.172625263252433e-002,9.992284e-001
2.173596573257145e-002,9.740443e-001
2.177340062840479e-002,8.794506e-001
2.181083552423812e-002,7.895540e-001
2.184827042007145e-002,7.044419e-001
2.188570531590479e-002,6.240643e-001
2.192314021173812e-002,5.483537e-001
2.196057510757146e-002,4.772267e-001
2.199801000340479e-002,4.105859e-001
2.203544489923812e-002,3.483221e-001
2.207287979507146e-002,2.903156e-001
2.211031469090479e-002,2.364378e-001
2.214774958673813e-002,1.865525e-001
2.218518448257146e-002,1.405179e-001
2.222261937840479e-002,9.818689e-002
2.226005427423813e-002,5.940906e-002
2.229748917007146e-002,2.403125e-002
2.233492406590480e-002,-8.101257e-003
2.237235896173813e-002,-3.714395e-002
2.240979385757146e-002,-6.325221e-002
2.244722875340480e-002,-8.658062e-002
2.248466364923813e-002,-1.072823e-001
2.252209854507146e-002,-1.255083e-001
2.255953344090480e-002,-1.414070e-001
2.259696833673813e-002,-1.551240e-001
2.263440323257147e-002,-1.668012e-001
2.267183812840480e-002,-1.765769e-001
2.270927302423813e-002,-1.845850e-001
2.274670792007147e-002,-1.909555e-001
2.278414281590480e-002,-1.958136e-001
2.282157771173814e-002,-1.992797e-001
2.285901260757147e-002,-2.014696e-001
2.289644750340480e-002,-2.024941e-001
2.293388239923814e-002,-2.024590e-001
2.297131729507147e-002,-2.014651e-001
2.300875219090481e-002,-1.996080e-001
2.304618708673814e-002,-1.969787e-001
2.308362198257147e-002,-1.936630e-001
2.312105687840481e-002,-1.897417e-001
2.315849177423814e-002,-1.852911e-001
2.319592667007148e-002,-1.803825e-001
2.323336156590481e-002,-1.750827e-001
2.327079646173814e-002,-1.694731e-001
2.327987315768031e-002,-1.680772e-001
2.328894985362248e-002,-1.666645e-001
2.329802654956464e-002,-1.652350e-001
2.330710324550681e-002,-1.637888e-001
2.331617994144898e-002,-1.623259e-001
2.332525663739115e-002,-1.608462e-001
2.333433333333331e-002,-1.593497e-001
2.333434055986291e-002,-1.594525e-001
2.333434415676133e-002,-1.596092e-001
2.333435018614299e-002,-1.601074e-001
2.333435633202876e-002,-1.610158e-001
2.333436546644995e-002,-1.632247e-001
2.333437539386962e-002,-1.668867e-001
2.333438920892972e-002,-1.741371e-001
2.333440518194676e-002,-1.852777e-001
2.333442833925177e-002,-2.053891e-001
2.333446415867227e-002,-2.407605e-001
2.333452604795301e-002,-3.051692e-001
2.333456032917911e-002,-3.401329e-001
2.333460711461145e-002,-3.870367e-001
2.333533333333331e-002,-1.111745e+000
2.333534137674567e-002,-1.119534e+000
2.333535210129548e-002,-1.129207e+000
2.333536338801212e-002,-1.138165e+000
2.333537661808521e-002,-1.146626e+000
2.333539106909603e-002,-1.153380e+000
2.333540616866556e-002,-1.157894e+000
2.333542229177062e-002,-1.160369e+000
2.333544160839118e-002,-1.161380e+000
2.333547361051097e-002,-1.160248e+000
2.333549723287977e-002,-1.159048e+000
2.333552085524856e-002,-1.158086e+000
2.333554447761735e-002,-1.157362e+000
2.333556809998615e-002,-1.156876e+000
2.333559172235494e-002,-1.156629e+000
2.333561534472373e-002,-1.156620e+000
2.333563896709252e-002,-1.156849e+000
2.334486074126172e-002,-1.131063e+000
2.335408251543093e-002,-1.105572e+000
2.336330428960013e-002,-1.080379e+000
2.337252606376933e-002,-1.055481e+000
2.338174783793853e-002,-1.030881e+000
2.339096961210773e-002,-1.006576e+000
2.340019138627693e-002,-9.825683e-001
2.343762628211027e-002,-8.875855e-001
2.347506117794360e-002,-7.972480e-001
2.351249607377693e-002,-7.117002e-001
2.354993096961027e-002,-6.308937e-001
2.358736586544360e-002,-5.547624e-001
2.362480076127694e-002,-4.832240e-001
2.366223565711027e-002,-4.161825e-001
2.369967055294360e-002,-3.535293e-001
2.373710544877694e-002,-2.951455e-001
2.377454034461027e-002,-2.409032e-001
2.381197524044361e-002,-1.906668e-001
2.384941013627694e-002,-1.442947e-001
2.388684503211027e-002,-1.016403e-001
2.392427992794361e-002,-6.255330e-002
2.396171482377694e-002,-2.688065e-002
2.399914971961028e-002,5.532324e-003
2.403658461544361e-002,3.484114e-002
2.407401951127694e-002,6.120126e-002
2.411145440711028e-002,8.476745e-002
2.414888930294361e-002,1.056930e-001
2.418632419877695e-002,1.241292e-001
2.422375909461028e-002,1.402249e-001
2.426119399044361e-002,1.541258e-001
2.429862888627695e-002,1.659743e-001
2.433606378211028e-002,1.759090e-001
2.437349867794362e-002,1.840643e-001
2.441093357377695e-002,1.905705e-001
2.444836846961028e-002,1.955533e-001
2.448580336544362e-002,1.991337e-001
2.452323826127695e-002,2.014277e-001
2.456067315711029e-002,2.025468e-001
2.459810805294362e-002,2.025970e-001
2.463554294877695e-002,2.016798e-001
2.467297784461029e-002,1.998912e-001
2.471041274044362e-002,1.973226e-001
2.474784763627696e-002,1.940602e-001
2.478528253211029e-002,1.901854e-001
2.482271742794362e-002,1.857748e-001
2.486015232377696e-002,1.809002e-001
2.489758721961029e-002,1.756289e-001
2.493502211544363e-002,1.700403e-001
2.494430467038025e-002,1.686181e-001
2.495358722531687e-002,1.671781e-001
2.496286978025349e-002,1.657203e-001
2.497215233519011e-002,1.642448e-001
2.498143489012673e-002,1.627515e-001
2.499071744506335e-002,1.612405e-001
2.499999999999997e-002,1.597117e-001
2.500000722797604e-002,1.598144e-001
2.500001082616432e-002,1.599711e-001
2.500001685711967e-002,1.604690e-001
2.500002298889307e-002,1.613743e-001
2.500003212019259e-002,1.635794e-001
2.500004203481735e-002,1.672314e-001
2.500005584764421e-002,1.744706e-001
2.500007180466749e-002,1.855863e-001
2.500009495060151e-002,2.056674e-001
2.500013069054318e-002,2.409337e-001
2.500019246478534e-002,3.052041e-001
2.500022674823820e-002,3.401681e-001
2.500027342579093e-002,3.869588e-001
2.500099999999997e-002,1.111855e+000
2.500100803907915e-002,1.119640e+000
2.500101875785139e-002,1.129311e+000
2.500103008575710e-002,1.138307e+000
2.500104336786678e-002,1.146813e+000
2.500105785711263e-002,1.153601e+000
2.500107301209325e-002,1.158150e+000
2.500108920519861e-002,1.160655e+000
2.500110865814222e-002,1.161697e+000
2.500114079092075e-002,1.160593e+000
2.500116458729991e-002,1.159400e+000
2.500118838367906e-002,1.158444e+000
2.500121218005821e-002,1.157725e+000
2.500123597643737e-002,1.157241e+000
2.500125977281652e-002,1.156994e+000
2.500128356919567e-002,1.156984e+000
2.500130736557482e-002,1.157210e+000
2.501102046559369e-002,1.130061e+000
2.502073356561256e-002,1.103239e+000
2.503044666563143e-002,1.076745e+000
2.504015976565031e-002,1.050579e+000
2.504987286566918e-002,1.024740e+000
2.505958596568805e-002,9.992284e-001
2.506929906570692e-002,9.740443e-001
2.510673396154025e-002,8.794506e-001
2.514416885737358e-002,7.895540e-001
2.518160375320692e-002,7.044419e-001
2.521903864904025e-002,6.240643e-001
2.525647354487359e-002,5.483537e-001
2.529390844070692e-002,4.772267e-001
2.533134333654025e-002,4.105859e-001
2.536877823237359e-002,3.483221e-001
2.540621312820692e-002,2.903156e-001
2.544364802404026e-002,2.364378e-001
2.548108291987359e-002,1.865525e-001
2.551851781570692e-002,1.405179e-001
2.555595271154026e-002,9.818689e-002
2.559338760737359e-002,5.940906e-002
2.563082250320693e-002,2.403126e-002
2.566825739904026e-002,-8.101257e-003
2.570569229487359e-002,-3.714395e-002
2.574312719070693e-002,-6.325221e-002
2.578056208654026e-002,-8.658062e-002
2.581799698237360e-002,-1.072823e-001
2.585543187820693e-002,-1.255083e-001
2.589286677404026e-002,-1.414070e-001
2.593030166987360e-002,-1.551240e-001
2.596773656570693e-002,-1.668012e-001
2.600517146154027e-002,-1.765769e-001
2.604260635737360e-002,-1.845850e-001
2.608004125320693e-002,-1.909555e-001
2.611747614904027e-002,-1.958136e-001
2.615491104487360e-002,-1.992797e-001
2.619234594070694e-002,-2.014696e-001
2.622978083654027e-002,-2.024941e-001
2.626721573237360e-002,-2.024590e-001
2.630465062820693e-002,-2.014651e-001
2.634208552404027e-002,-1.996080e-001
2.637952041987360e-002,-1.969787e-001
2.641695531570694e-002,-1.936630e-001
2.645439021154027e-002,-1.897417e-001
2.649182510737360e-002,-1.852911e-001
2.652926000320694e-002,-1.803825e-001
2.656669489904027e-002,-1.750827e-001
2.660412979487361e-002,-1.694731e-001
2.661320649084404e-002,-1.680772e-001
2.662228318681447e-002,-1.666645e-001
2.663135988278491e-002,-1.652350e-001
2.664043657875534e-002,-1.637888e-001
2.664951327472577e-002,-1.623259e-001
2.665858997069621e-002,-1.608462e-001
2.666766666666664e-002,-1.593497e-001
2.666767389319623e-002,-1.594525e-001
2.666767749009465e-002,-1.596092e-001
2.666768351947633e-002,-1.601074e-001
2.666768966536208e-002,-1.610158e-001
2.666769879978329e-002,-1.632247e-001
2.666770872720295e-002,-1.668867e-001
2.666772254226306e-002,-1.741371e-001
2.666773851528008e-002,-1.852777e-001
2.666776167258511e-002,-2.053891e-001
2.666779749200555e-002,-2.407605e-001
2.666785938128620e-002,-3.051692e-001
2.666789366251228e-002,-3.401329e-001
2.666794044794453e-002,-3.870367e-001
2.666866666666664e-002,-1.111745e+000
2.666867471007899e-002,-1.119534e+000
2.666868543462879e-002,-1.129207e+000
2.666869672134544e-002,-1.138165e+000
2.666870995141853e-002,-1.146626e+000
2.666872440242935e-002,-1.153380e+000
2.666873950199888e-002,-1.157894e+000
2.666875562510394e-002,-1.160369e+000
2.666877494172449e-002,-1.161380e+000
2.666880694384429e-002,-1.160248e+000
2.666883056621308e-002,-1.159048e+000
2.666885418858188e-002,-1.158086e+000
2.666887781095067e-002,-1.157362e+000
2.666890143331946e-002,-1.156876e+000
2.666892505568825e-002,-1.156629e+000
2.666894867805704e-002,-1.156620e+000
2.666897230042583e-002,-1.156849e+000
2.667819407458485e-002,-1.131063e+000
2.668741584874388e-002,-1.105572e+000
2.669663762290291e-002,-1.080379e+000
2.670585939706194e-002,-1.055481e+000
2.671508117122097e-002,-1.030881e+000
2.672430294538000e-002,-1.006576e+000
2.673352471953902e-002,-9.825683e-001
2.677095961537236e-002,-8.875855e-001
2.680839451120569e-002,-7.972480e-001
2.684582940703903e-002,-7.117002e-001
2.688326430287236e-002,-6.308937e-001
2.692069919870569e-002,-5.547624e-001
2.695813409453903e-002,-4.832240e-001
2.699556899037236e-002,-4.161825e-001
2.703300388620570e-002,-3.535293e-001
2.707043878203903e-002,-2.951455e-001
2.710787367787236e-002,-2.409032e-001
2.714530857370570e-002,-1.906668e-001
2.718274346953903e-002,-1.442947e-001
2.722017836537237e-002,-1.016403e-001
2.725761326120570e-002,-6.255330e-002
2.729504815703903e-002,-2.688065e-002
2.733248305287237e-002,5.532324e-003
2.736991794870570e-002,3.484114e-002
2.740735284453904e-002,6.120126e-002
2.744478774037237e-002,8.476745e-002
2.748222263620570e-002,1.056930e-001
2.751965753203904e-002,1.241292e-001
2.755709242787237e-002,1.402249e-001
2.759452732370571e-002,1.541258e-001
2.763196221953904e-002,1.659743e-001
2.766939711537237e-002,1.759090e-001
2.770683201120571e-002,1.840643e-001
2.774426690703904e-002,1.905705e-001
2.778170180287238e-002,1.955533e-001
2.781913669870571e-002,1.991337e-001
2.785657159453904e-002,2.014277e-001
2.789400649037238e-002,2.025468e-001
2.793144138620571e-002,2.025970e-001
2.796887628203905e-002,2.016798e-001
2.800631117787238e-002,1.998912e-001
2.804374607370571e-002,1.973226e-001
2.808118096953905e-002,1.940602e-001
2.811861586537238e-002,1.901854e-001
2.815605076120572e-002,1.857748e-001
2.819348565703905e-002,1.809002e-001
2.823092055287238e-002,1.756289e-001
2.826835544870572e-002,1.700403e-001
2.827763800365251e-002,1.686181e-001
2.828692055859931e-002,1.671781e-001
2.829620311354611e-002,1.657203e-001
2.830548566849291e-002,1.642448e-001
2.831476822343970e-002,1.627515e-001
2.832405077838650e-002,1.612405e-001
2.833333333333330e-002,1.597117e-001
2.833334056130936e-002,1.598144e-001
2.833334415949764e-002,1.599711e-001
2.833335019045300e-002,1.604690e-001
2.833335632222639e-002,1.613743e-001
2.833336545352593e-002,1.635794e-001
2.833337536815067e-002,1.672314e-001
2.833338918097756e-002,1.744706e-001
2.833340513800082e-002,1.855863e-001
2.833342828393485e-002,2.056674e-001
2.833346402387657e-002,2.409337e-001
2.833352579811875e-002,3.052041e-001
2.833356008157162e-002,3.401681e-001
2.833360675912439e-002,3.869588e-001
2.833433333333330e-002,1.111855e+000
2.833434137241247e-002,1.119640e+000
2.833435209118471e-002,1.129311e+000
2.833436341909042e-002,1.138307e+000
2.833437670120010e-002,1.146813e+000
2.833439119044595e-002,1.153601e+000
2.833440634542657e-002,1.158150e+000
2.833442253853193e-002,1.160655e+000
2.833444199147553e-002,1.161697e+000
2.833447412425407e-002,1.160593e+000
2.833449792063323e-002,1.159400e+000
2.833452171701238e-002,1.158444e+000
2.833454551339153e-002,1.157725e+000
2.833456930977069e-002,1.157241e+000
2.833459310614984e-002,1.156994e+000
2.833461690252899e-002,1.156984e+000
2.833464069890814e-002,1.157210e+000
2.834435379892370e-002,1.130061e+000
2.835406689893925e-002,1.103239e+000
2.836377999895481e-002,1.076745e+000
2.837349309897036e-002,1.050579e+000
2.838320619898591e-002,1.024740e+000
2.839291929900147e-002,9.992284e-001
2.840263239901702e-002,9.740443e-001
2.844006729485036e-002,8.794506e-001
2.847750219068369e-002,7.895540e-001
2.851493708651702e-002,7.044419e-001
2.855237198235036e-002,6.240643e-001
2.858980687818369e-002,5.483537e-001
2.862724177401703e-002,4.772267e-001
2.866467666985036e-002,4.105859e-001
2.870211156568369e-002,3.483221e-001
2.873954646151703e-002,2.903156e-001
2.877698135735036e-002,2.364378e-001
2.881441625318370e-002,1.865525e-001
2.885185114901703e-002,1.405179e-001
2.888928604485036e-002,9.818689e-002
2.892672094068370e-002,5.940906e-002
2.896415583651703e-002,2.403126e-002
2.900159073235037e-002,-8.101257e-003
2.903902562818370e-002,-3.714395e-002
2.907646052401703e-002,-6.325221e-002
2.911389541985037e-002,-8.658062e-002
2.915133031568370e-002,-1.072823e-001
2.918876521151704e-002,-1.255083e-001
2.922620010735037e-002,-1.414070e-001
2.926363500318370e-002,-1.551240e-001
2.930106989901704e-002,-1.668012e-001
2.933850479485037e-002,-1.765769e-001
2.937593969068371e-002,-1.845850e-001
2.941337458651704e-002,-1.909555e-001
2.945080948235037e-002,-1.958136e-001
2.948824437818371e-002,-1.992797e-001
2.952567927401704e-002,-2.014696e-001
2.956311416985038e-002,-2.024941e-001
2.960054906568371e-002,-2.024590e-001
2.963798396151704e-002,-2.014651e-001
2.967541885735038e-002,-1.996080e-001
2.971285375318371e-002,-1.969787e-001
2.975028864901705e-002,-1.936630e-001
2.978772354485038e-002,-1.897417e-001
2.982515844068371e-002,-1.852911e-001
2.986259333651705e-002,-1.803825e-001
2.990002823235038e-002,-1.750827e-001
2.993746312818372e-002,-1.694731e-001
2.997856510416665e-002,-1.630120e-001
2.998499999999995e-002,-1.619694e-001
3.000099999999997e-002,-1.593497e-001
3.000100722652956e-002,-1.594525e-001
3.000101082342798e-002,-1.596092e-001
3.000101685280966e-002,-1.601074e-001
3.000102299869540e-002,-1.610158e-001
3.000103213311662e-002,-1.632247e-001
3.000104206053627e-002,-1.668867e-001
3.000105587559639e-002,-1.741371e-001
3.000107184861340e-002,-1.852777e-001
3.000109500591843e-002,-2.053891e-001
3.000113082533885e-002,-2.407605e-001
3.000119271461958e-002,-3.051692e-001
3.000122699584567e-002,-3.401329e-001
3.000127378127797e-002,-3.870367e-001
3.000179160481338e-002,-9.038287e-001
3.000199999999997e-002,-1.111732e+000
3.000200268113741e-002,-1.114384e+000
3.000200804341230e-002,-1.119534e+000
3.000201876796208e-002,-1.129207e+000
3.000203005467874e-002,-1.138165e+000
3.000204328475183e-002,-1.146626e+000
3.000205773576265e-002,-1.153380e+000
3.000207283533217e-002,-1.157894e+000
3.000208895843723e-002,-1.160369e+000
3.000210827505776e-002,-1.161380e+000
3.000214027717757e-002,-1.160248e+000
3.000216389954636e-002,-1.159048e+000
3.000218752191514e-002,-1.158086e+000
3.000221114428392e-002,-1.157362e+000
3.000223476665271e-002,-1.156876e+000
3.000225838902149e-002,-1.156629e+000
3.000228201139027e-002,-1.156620e+000
3.000230563375906e-002,-1.156849e+000
3.001152740789980e-002,-1.131063e+000
3.002074918204055e-002,-1.105572e+000
3.002997095618130e-002,-1.080379e+000
3.003919273032205e-002,-1.055481e+000
3.004841450446280e-002,-1.030881e+000
3.005763627860355e-002,-1.006576e+000
3.006685805274429e-002,-9.825683e-001
3.010429294857763e-002,-8.875855e-001
3.014172784441096e-002,-7.972480e-001
3.017916274024430e-002,-7.117002e-001
3.021659763607763e-002,-6.308937e-001
3.025403253191096e-002,-5.547624e-001
3.029146742774430e-002,-4.832240e-001
3.032890232357763e-002,-4.161825e-001
3.036633721941097e-002,-3.535293e-001
3.040377211524430e-002,-2.951455e-001
3.044120701107763e-002,-2.409032e-001
3.047864190691097e-002,-1.906668e-001
3.051607680274430e-002,-1.442947e-001
3.055351169857764e-002,-1.016403e-001
3.059094659441097e-002,-6.255330e-002
3.062838149024430e-002,-2.688065e-002
3.066581638607764e-002,5.532324e-003
3.070325128191097e-002,3.484114e-002
3.074068617774431e-002,6.120126e-002
3.077812107357764e-002,8.476745e-002
3.081555596941097e-002,1.056930e-001
3.085299086524431e-002,1.241292e-001
3.089042576107764e-002,1.402249e-001
3.092786065691098e-002,1.541258e-001
3.096529555274431e-002,1.659743e-001
3.100273044857764e-002,1.759090e-001
3.104016534441098e-002,1.840643e-001
3.107760024024431e-002,1.905705e-001
3.111503513607765e-002,1.955533e-001
3.115247003191098e-002,1.991337e-001
3.118990492774431e-002,2.014277e-001
3.122733982357765e-002,2.025468e-001
3.126477471941098e-002,2.025970e-001
3.130220961524432e-002,2.016798e-001
3.133964451107765e-002,1.998912e-001
3.137707940691099e-002,1.973226e-001
3.141451430274432e-002,1.940602e-001
3.145194919857765e-002,1.901854e-001
3.148938409441099e-002,1.857748e-001
3.152681899024432e-002,1.809002e-001
3.156425388607766e-002,1.756289e-001
3.160168878191099e-002,1.700403e-001
3.161097133687608e-002,1.686181e-001
3.162025389184117e-002,1.671781e-001
3.162953644680627e-002,1.657203e-001
3.163881900177135e-002,1.642448e-001
3.164810155673645e-002,1.627515e-001
3.165738411170153e-002,1.612405e-001
3.166666666666663e-002,1.597117e-001
3.166667389464269e-002,1.598144e-001
3.166667749283097e-002,1.599711e-001
3.166668352378634e-002,1.604690e-001
3.166668965555972e-002,1.613743e-001
3.166669878685926e-002,1.635794e-001
3.166670870148399e-002,1.672314e-001
3.166672251431086e-002,1.744706e-001
3.166673847133412e-002,1.855863e-001
3.166676161726816e-002,2.056674e-001
3.166679735720980e-002,2.409337e-001
3.166685913145192e-002,3.052041e-001
3.166689341490479e-002,3.401681e-001
3.166694009245744e-002,3.869588e-001
3.166766666666663e-002,1.111855e+000
3.166767470574580e-002,1.119640e+000
3.166768542451803e-002,1.129311e+000
3.166769675242374e-002,1.138307e+000
3.166771003453343e-002,1.146813e+000
3.166772452377927e-002,1.153601e+000
3.166773967875989e-002,1.158150e+000
3.166775587186525e-002,1.160655e+000
3.166777532480884e-002,1.161697e+000
3.166780745758739e-002,1.160593e+000
3.166783125396654e-002,1.159400e+000
3.166785505034569e-002,1.158444e+000
3.166787884672484e-002,1.157725e+000
3.166790264310399e-002,1.157241e+000
3.166792643948314e-002,1.156994e+000
3.166795023586228e-002,1.156984e+000
3.166797403224143e-002,1.157210e+000
3.167768713224069e-002,1.130061e+000
3.168740023223993e-002,1.103239e+000
3.169711333223919e-002,1.076745e+000
3.170682643223843e-002,1.050579e+000
3.171653953223769e-002,1.024740e+000
3.172625263223693e-002,9.992284e-001
3.173596573223619e-002,9.740443e-001
3.177340062806952e-002,8.794506e-001
3.181083552390285e-002,7.895540e-001
3.184827041973619e-002,7.044419e-001
3.188570531556952e-002,6.240643e-001
3.192314021140286e-002,5.483537e-001
3.196057510723619e-002,4.772267e-001
3.199801000306952e-002,4.105859e-001
3.203544489890286e-002,3.483221e-001
3.207287979473619e-002,2.903156e-001
3.211031469056953e-002,2.364378e-001
3.214774958640286e-002,1.865525e-001
3.218518448223619e-002,1.405179e-001
3.222261937806953e-002,9.818689e-002
3.226005427390286e-002,5.940906e-002
3.229748916973620e-002,2.403126e-002
3.233492406556953e-002,-8.101257e-003
3.237235896140286e-002,-3.714395e-002
3.240979385723620e-002,-6.325221e-002
3.244722875306953e-002,-8.658062e-002
3.248466364890287e-002,-1.072823e-001
3.252209854473620e-002,-1.255083e-001
3.255953344056953e-002,-1.414070e-001
3.259696833640287e-002,-1.551240e-001
3.263440323223620e-002,-1.668012e-001
3.267183812806954e-002,-1.765769e-001
3.270927302390287e-002,-1.845850e-001
3.274670791973620e-002,-1.909555e-001
3.278414281556954e-002,-1.958136e-001
3.282157771140287e-002,-1.992797e-001
3.285901260723621e-002,-2.014696e-001
3.289644750306954e-002,-2.024941e-001
3.293388239890287e-002,-2.024590e-001
3.297131729473621e-002,-2.014651e-001
3.300875219056954e-002,-1.996080e-001
3.304618708640288e-002,-1.969787e-001
3.308362198223621e-002,-1.936630e-001
3.312105687806954e-002,-1.897417e-001
3.315849177390288e-002,-1.852911e-001
3.319592666973621e-002,-1.803825e-001
3.323336156556955e-002,-1.750827e-001
3.327079646140288e-002,-1.694731e-001
3.327950038953583e-002,-1.681357e-001
3.328820431766878e-002,-1.667824e-001
3.329690824580173e-002,-1.654134e-001
3.330561217393468e-002,-1.640285e-001
3.331431610206763e-002,-1.626279e-001
3.332302003020057e-002,-1.612115e-001
3.333172395833352e-002,-1.597793e-001
3.333272395833353e-002,-1.596147e-001
3.333333333333331e-002,-1.595143e-001
